ice3g_nam.dat 
North America
Authors: Tushingham and Peltier, JGR, 1991. 
235  number of elements 
20   header lines 
2    lines for each element 
18   time since the LGM (kyrs)
1    lenght of each time step 
---------------
For each ice element, the data are presented in two lines, with the following meaning: 
a label, colatitude and longitude of the disc center (deg), half-amplitude of the disc 
element (deg), a dummy variable, and disc element thickness (m). The first value is 
thickness before the beginning of deglaciation (i.e. from -infinity to 18 kyrs BP), 
the 18 elements that follow are ice thickness at 1 kyrs intervals up to present time, 
and the last three elements are thicknesses during the future 3 kyrs (not used in the 
computations). File SH3.F of SELEN reads this file and indicates with h_0 ice thickness 
before melting begins, h_1 between 18 and 17 kyrs BP, ..., and with h_18 ice thickness 
between 1 and 0 kyrs BP. With h_19=h_18 SELEN denotes the ice (constant) thickness in 
the future. GS July 28 2007.  
---------------
  45    6.670  282.500 0.328 1.000 1021. 945. 929. 911. 893. 846. 816. 765.
 306.   0.   0.   0.   0.   0.   0.   0.   0.   0.   0.   0.   0.   0.   0.
  46    6.670  287.500 0.328 1.000 1092. 983. 983. 983. 956. 904. 874. 818.
 328.   0.   0.   0.   0.   0.   0.   0.   0.   0.   0.   0.   0.   0.   0.
  47    6.670  292.500 0.328 1.000 1048. 968. 959. 948. 888. 829. 818. 759.
 306.   0.   0.   0.   0.   0.   0.   0.   0.   0.   0.   0.   0.   0.   0.
   1    7.250  280.000 0.356 1.000 1767.1602.1508.1335.1214.1190.1167.1167.
1167.1070. 972. 496.  23.  23.  23.  23.  23.  23.  23.  23.  23.  23.  23.
   2    7.250  285.000 0.356 1.000 1760.1608.1523.1362.1256.1209.1161.1161.
1161. 968. 579. 575. 328. 221. 225. 225. 225. 225. 225. 225. 225. 225. 225.
   3    7.250  290.000 0.356 1.000 1943.1816.1711.1611.1510.1394.1214.1109.
1056.1003. 665. 356. 174. 117. 110. 110. 110. 110. 110. 110. 110. 110. 110.
   4    7.250  295.000 0.356 1.000 2359.2264.2221.2140.1586.1069. 696. 267.
   0.   0.   0.   0.   0.   0.   0.   0.   0.   0.   0.   0.   0.   0.   0.
   5    7.910  276.000 0.388 1.000 2025.1987.1944.1849.1726.1554.1382.1359.
1336.1315.1292. 631. 208. 106.   6.   6.   6.   6.   6.   6.   6.   6.   6.
   6    7.910  281.000 0.388 1.000 2389.2166.2042.1808.1651.1613.1578.1578.
1578.1402.1227. 667.  92.  92.  81.  81.  81.  81.  81.  81.  81.  81.  81.
   7    7.910  286.000 0.388 1.000 2427.2213.2101.1882.1654.1588.1523.1523.
1523.1269. 762. 757. 466. 311. 233. 233. 233. 233. 233. 233. 233. 233. 233.
   8    7.910  291.000 0.388 1.000 2375.2204.1982.1972.1675.1447.1120.1073.
 974. 644. 536. 381. 332. 222. 170. 170. 170. 170. 170. 170. 170. 170. 170.
   9    7.910  296.000 0.388 1.000 2349.2345.2141.2107.1903.1493.1037. 636.
 302.   0.   0.   0.   0.   0.   0.   0.   0.   0.   0.   0.   0.   0.   0.
  10    8.629  273.000 0.423 1.000 2020.2020.2020.1953.1868.1692.1514.1480.
1445.1345.1245. 806. 417. 271. 145. 145. 145. 145. 145. 145. 145. 145. 145.
  11    8.629  278.000 0.423 1.000 2178.2055.2029.1816.1676.1569.1460.1449.
1437.1364.1294. 645. 125.  71.  22.  22.  22.  22.  22.  22.  22.  22.  22.
  12    8.629  283.000 0.423 1.000 1372.1347.1272.1132.1036.1008. 906. 806.
 705. 570. 498. 374. 261. 245. 232. 232. 232. 232. 232. 232. 232. 232. 232.
  13    8.629  288.000 0.423 1.000 1501.1488.1469.1451.1418.1358.1305.1218.
 870. 870. 522. 382. 218. 145. 145. 145. 145. 145. 145. 145. 145. 145. 145.
  14    8.629  293.000 0.423 1.000 1439.1432.1412.1404.1346.1256. 845. 650.
 520. 214.   0.   0.   0.   0.   0.   0.   0.   0.   0.   0.   0.   0.   0.
  15    9.413  268.000 0.461 1.000 1995.1933.1839.1652.1427.1365.1091. 808.
 600. 547. 520. 490. 415. 345. 265. 265. 265. 265. 265. 265. 265. 265. 265.
  16    9.413  273.000 0.461 1.000 1039.1005. 972. 940. 814. 708. 526. 406.
 267.   0.   0.   0.   0.   0.   0.   0.   0.   0.   0.   0.   0.   0.   0.
  17    9.413  278.000 0.461 1.000 1036. 952. 882. 822. 709. 572. 469. 368.
 247.   0.   0.   0.   0.   0.   0.   0.   0.   0.   0.   0.   0.   0.   0.
  18    9.413  283.000 0.461 1.000 1214.1064. 922. 856. 721. 699. 598. 473.
 319. 289. 286. 285. 284. 283. 282. 282. 282. 282. 282. 282. 282. 282. 282.
  19    9.413  288.000 0.461 1.000 1543.1278.1016. 990. 829. 717. 668. 512.
 343. 189. 180. 177. 177. 177. 177. 177. 177. 177. 177. 177. 177. 177. 177.
  58   10.267  259.000 0.503 1.000 1218.1168.1144. 558.   0.   0.   0.   0.
   0.   0.   0.   0.   0.   0.   0.   0.   0.   0.   0.   0.   0.   0.   0.
  59   10.267  264.000 0.503 1.000  478. 473. 468. 234.   0.   0.   0.   0.
   0.   0.   0.   0.   0.   0.   0.   0.   0.   0.   0.   0.   0.   0.   0.
  20   10.267  269.000 0.503 1.000 2388.2284.2070.1710.1630.1360. 870. 570.
 485. 434. 420. 401. 394. 394. 394. 394. 394. 394. 394. 394. 394. 394. 394.
  21   10.267  274.000 0.503 1.000 2777.2700.2283.2260.2150.2090.1750.1400.
 900. 380.   0.   0.   0.   0.   0.   0.   0.   0.   0.   0.   0.   0.   0.
  22   10.267  279.000 0.503 1.000 2563.2311.1876.1681.1379.1317.1106. 869.
 583. 508. 472. 350.  95.  68.  43.   0.   0.   0.   0.   0.   0.   0.   0.
  23   10.267  284.000 0.503 1.000 1491.1309.1137.1060. 895. 865. 736. 581.
 461. 400. 395. 388. 388. 388. 388. 388. 388. 388. 388. 388. 388. 388. 388.
  28   11.198  257.000 0.548 1.000  238. 247. 262. 140.   0.   0.   0.   0.
   0.   0.   0.   0.   0.   0.   0.   0.   0.   0.   0.   0.   0.   0.   0.
  29   11.198  262.000 0.548 1.000  779. 666. 597. 278.   0.   0.   0.   0.
   0.   0.   0.   0.   0.   0.   0.   0.   0.   0.   0.   0.   0.   0.   0.
  24   11.198  267.000 0.548 1.000 1181.1133.1083.1110.1044. 997. 834. 586.
 345. 262. 200. 200. 191. 187. 186. 186. 186. 186. 186. 186. 186. 186. 186.
  25   11.198  272.000 0.548 1.000 1802.1736.1670.1657.1427.1252.1109. 713.
 264.   0.   0.   0.   0.   0.   0.   0.   0.   0.   0.   0.   0.   0.   0.
  26   11.198  277.000 0.548 1.000 2065.1923.1785.1805.1838.1608.1311. 895.
 255.   0.   0.   0.   0.   0.   0.   0.   0.   0.   0.   0.   0.   0.   0.
  27   11.198  282.000 0.548 1.000 1505.1321.1147.1068. 902. 878. 749. 588.
 273.   0.   0.   0.   0.   0.   0.   0.   0.   0.   0.   0.   0.   0.   0.
  34   12.212  245.000 0.597 1.000   95.  95.  90.  42.   0.   0.   0.   0.
   0.   0.   0.   0.   0.   0.   0.   0.   0.   0.   0.   0.   0.   0.   0.
  48   12.212  250.000 0.597 1.000  367. 354. 340. 166.   0.   0.   0.   0.
   0.   0.   0.   0.   0.   0.   0.   0.   0.   0.   0.   0.   0.   0.   0.
  49   12.212  255.000 0.597 1.000  551. 531. 510. 249.   0.   0.   0.   0.
   0.   0.   0.   0.   0.   0.   0.   0.   0.   0.   0.   0.   0.   0.   0.
  50   12.212  260.000 0.597 1.000 1102.1061.1020. 497.   0.   0.   0.   0.
   0.   0.   0.   0.   0.   0.   0.   0.   0.   0.   0.   0.   0.   0.   0.
  30   12.212  265.000 0.597 1.000 1348.1195.1068. 517.   0.   0.   0.   0.
   0.   0.   0.   0.   0.   0.   0.   0.   0.   0.   0.   0.   0.   0.   0.
  31   12.212  270.000 0.597 1.000 1209.1197.1185. 540.   0.   0.   0.   0.
   0.   0.   0.   0.   0.   0.   0.   0.   0.   0.   0.   0.   0.   0.   0.
  32   12.212  275.000 0.597 1.000 1847.1835.1825.1784.1653.1497.1090. 936.
 364.   0.   0.   0.   0.   0.   0.   0.   0.   0.   0.   0.   0.   0.   0.
  33   12.212  280.000 0.597 1.000 1349.1234.1119.1049. 929. 907. 872. 742.
 545. 461. 412. 305.  28.  28.  28.  28.  28.  28.  28.  28.  28.  28.  28.
  51   13.317  243.000 0.650 1.000  367. 367. 354. 340. 166.   0.   0.   0.
   0.   0.   0.   0.   0.   0.   0.   0.   0.   0.   0.   0.   0.   0.   0.
  52   13.317  248.000 0.650 1.000 1285.1285.1238.1190. 580.   0.   0.   0.
   0.   0.   0.   0.   0.   0.   0.   0.   0.   0.   0.   0.   0.   0.   0.
  53   13.317  253.000 0.650 1.000 2200.2200.2166.1675. 567.   0.   0.   0.
   0.   0.   0.   0.   0.   0.   0.   0.   0.   0.   0.   0.   0.   0.   0.
  54   13.317  258.000 0.650 1.000 2376.2376.2353.1856. 642.   0.   0.   0.
   0.   0.   0.   0.   0.   0.   0.   0.   0.   0.   0.   0.   0.   0.   0.
  55   13.317  263.000 0.650 1.000 2259.2213.1699. 620.   0.   0.   0.   0.
   0.   0.   0.   0.   0.   0.   0.   0.   0.   0.   0.   0.   0.   0.   0.
  35   13.317  268.000 0.650 1.000  871. 865. 856. 854. 840. 838. 756. 500.
 273.   0.   0.   0.   0.   0.   0.   0.   0.   0.   0.   0.   0.   0.   0.
  36   13.317  273.000 0.650 1.000 1455.1446.1437.1420.1303.1203.1134. 991.
 773. 400.   0.   0.   0.   0.   0.   0.   0.   0.   0.   0.   0.   0.   0.
  37   13.317  278.000 0.650 1.000 1455.1399.1340.1314.1181.1090.1020. 749.
 477. 425. 406. 342. 224. 166. 143. 143. 143. 143. 143. 143. 143. 143. 143.
  40   14.500  241.000 0.706 1.000  376. 367. 351. 161.   0.   0.   0.   0.
   0.   0.   0.   0.   0.   0.   0.   0.   0.   0.   0.   0.   0.   0.   0.
  41   14.500  246.000 0.706 1.000 1563.1563.1484.1341.1289.1268.1204.1104.
1097. 800. 400.   0.   0.   0.   0.   0.   0.   0.   0.   0.   0.   0.   0.
  56   14.500  251.000 0.706 1.000 1783.1783.1679.1623.1538.1493.1369.1115.
1081. 800. 400.   0.   0.   0.   0.   0.   0.   0.   0.   0.   0.   0.   0.
  57   14.500  256.000 0.706 1.000 1953.1953.1917.1758. 818.   0.   0.   0.
   0.   0.   0.   0.   0.   0.   0.   0.   0.   0.   0.   0.   0.   0.   0.
  39   14.500  261.000 0.706 1.000 2130.2130.2094.2021.1983.1808.1727.1658.
1579.1503. 917. 395.   0.   0.   0.   0.   0.   0.   0.   0.   0.   0.   0.
  44   14.500  266.000 0.706 1.000 2462.2462.2404.2347.2325.2086.1813.1649.
1425.1171. 870. 400.   0.   0.   0.   0.   0.   0.   0.   0.   0.   0.   0.
  42   14.820  271.000 0.707 1.000 1213.1208.1159.1153.1143.1133.1126. 970.
 706. 200.   0.   0.   0.   0.   0.   0.   0.   0.   0.   0.   0.   0.   0.
  43   14.820  276.000 0.707 1.000 1165.1146.1092.1046.1016. 952. 898. 773.
 575. 532. 506. 478. 448. 423. 363. 363. 363. 363. 363. 363. 363. 363. 363.
   3   16.500  248.000 0.801 1.000  595. 575. 386. 263. 118.  90.  40.   0.
   0.   0.   0.   0.   0.   0.   0.   0.   0.   0.   0.   0.   0.   0.   0.
   4   16.500  253.000 0.801 1.000  811. 756. 658. 616. 427. 200. 100.   0.
   0.   0.   0.   0.   0.   0.   0.   0.   0.   0.   0.   0.   0.   0.   0.
   5   16.500  258.000 0.801 1.000 1000. 990. 985. 980. 978. 976. 934. 908.
 716. 400.   0.   0.   0.   0.   0.   0.   0.   0.   0.   0.   0.   0.   0.
   6   16.500  263.000 0.801 1.000 1000. 979. 976. 975. 965. 958. 915. 898.
 701. 350.   0.   0.   0.   0.   0.   0.   0.   0.   0.   0.   0.   0.   0.
   7   16.500  268.000 0.801 1.000  872. 868. 850. 848. 844. 690. 607. 586.
 483. 240.   0.   0.   0.   0.   0.   0.   0.   0.   0.   0.   0.   0.   0.
   8   16.500  273.000 0.801 1.000 1090.1076.1068.1065.1058.1017. 961. 882.
 802. 370.   0.   0.   0.   0.   0.   0.   0.   0.   0.   0.   0.   0.   0.
   9   16.500  278.000 0.801 1.000  995. 987. 982. 980. 974. 950. 927. 787.
 618. 607. 527. 446. 221. 175. 140. 140. 140. 140. 140. 140. 140. 140. 140.
  10   16.500  283.000 0.801 1.000  951. 937. 922. 907. 892. 887. 869. 771.
 632. 583. 505. 416. 267. 200. 144. 144. 144. 144. 144. 144. 144. 144. 144.
  12   17.982  243.000 0.871 1.000  930. 907. 883. 859. 417.   0.   0.   0.
   0.   0.   0.   0.   0.   0.   0.   0.   0.   0.   0.   0.   0.   0.   0.
  13   17.982  248.000 0.871 1.000 1042.1002. 961. 922. 880. 440.   0.   0.
   0.   0.   0.   0.   0.   0.   0.   0.   0.   0.   0.   0.   0.   0.   0.
  14   17.982  253.000 0.871 1.000 1277.1260.1253.1250.1249.1220. 986. 400.
   0.   0.   0.   0.   0.   0.   0.   0.   0.   0.   0.   0.   0.   0.   0.
  15   17.982  258.000 0.871 1.000 1372.1354.1340.1337.1335.1333.1324.1273.
 884. 350.   0.   0.   0.   0.   0.   0.   0.   0.   0.   0.   0.   0.   0.
  16   17.982  263.000 0.871 1.000 1182.1172.1146.1040.1036.1023.1010. 906.
 605. 260.   0.   0.   0.   0.   0.   0.   0.   0.   0.   0.   0.   0.   0.
  17   17.982  268.000 0.871 1.000 1030.1025.1018. 999. 984. 975. 850. 673.
 346.   0.   0.   0.   0.   0.   0.   0.   0.   0.   0.   0.   0.   0.   0.
  18   17.982  273.000 0.871 1.000 1104.1089.1085.1082.1075.1031. 908. 780.
 556. 200.   0.   0.   0.   0.   0.   0.   0.   0.   0.   0.   0.   0.   0.
  19   17.982  278.000 0.871 1.000 1424.1420.1417.1416.1400.1358.1343.1131.
1001. 812. 300.   0.   0.   0.   0.   0.   0.   0.   0.   0.   0.   0.   0.
  20   17.982  283.000 0.871 1.000 1394.1368.1346.1323.1287.1258.1252.1124.
 894. 786. 689. 571. 378. 283. 220. 220. 220. 220. 220. 220. 220. 220. 220.
  23   19.592  243.000 0.946 1.000 1433.1396.1359.1322.1286. 643.   0.   0.
   0.   0.   0.   0.   0.   0.   0.   0.   0.   0.   0.   0.   0.   0.   0.
  24   19.592  248.000 0.946 1.000 1718.1641.1564.1487.1411.1411.1411. 552.
   0.   0.   0.   0.   0.   0.   0.   0.   0.   0.   0.   0.   0.   0.   0.
  25   19.592  253.000 0.946 1.000 1871.1841.1810.1779.1749.1749.1749.1205.
 463.   0.   0.   0.   0.   0.   0.   0.   0.   0.   0.   0.   0.   0.   0.
  26   19.592  258.000 0.946 1.000 1934.1931.1934.1936.1800.1800.1745.1311.
 877. 458.   0.   0.   0.   0.   0.   0.   0.   0.   0.   0.   0.   0.   0.
  27   19.592  263.000 0.946 1.000 1283.1282.1284.1288.1207.1132. 955. 724.
 494.   0.   0.   0.   0.   0.   0.   0.   0.   0.   0.   0.   0.   0.   0.
  28   19.592  268.000 0.946 1.000 1022. 992. 988. 985. 981. 840. 721. 539.
 356.   0.   0.   0.   0.   0.   0.   0.   0.   0.   0.   0.   0.   0.   0.
  29   19.592  273.000 0.946 1.000 1440.1419.1415.1413.1410.1348.1189.1058.
 825. 485. 200.   0.   0.   0.   0.   0.   0.   0.   0.   0.   0.   0.   0.
  30   19.592  278.000 0.946 1.000 1806.1805.1805.1640.1640.1637.1452.1358.
1261. 631. 198.   0.   0.   0.   0.   0.   0.   0.   0.   0.   0.   0.   0.
  31   19.592  283.000 0.946 1.000 1412.1388.1363.1338.1313.1313.1240.1173.
1079. 601. 211.   0.   0.   0.   0.   0.   0.   0.   0.   0.   0.   0.   0.
  32   19.592  288.000 0.946 1.000 1393.1387.1374.1342.1317.1136.1074. 994.
 803. 719. 651. 571. 422. 367. 299. 299. 299. 299. 299. 299. 299. 299. 299.
  35   21.340  240.000 1.027 1.000 1361.1401.1441.1481.1521.1514. 654.   0.
   0.   0.   0.   0.   0.   0.   0.   0.   0.   0.   0.   0.   0.   0.   0.
  36   21.340  245.000 1.027 1.000 1410.1350.1291.1231.1171.1151.1100. 388.
   0.   0.   0.   0.   0.   0.   0.   0.   0.   0.   0.   0.   0.   0.   0.
  37   21.340  250.000 1.027 1.000 1445.1434.1386.1350.1326.1297.1210. 790.
 370.   0.   0.   0.   0.   0.   0.   0.   0.   0.   0.   0.   0.   0.   0.
  38   21.340  255.000 1.027 1.000 1609.1605.1602.1598.1594.1560.1488.1134.
 778. 379.   0.   0.   0.   0.   0.   0.   0.   0.   0.   0.   0.   0.   0.
  39   21.340  260.000 1.027 1.000 1532.1536.1560.1574.1441.1436.1305.1003.
 491.   0.   0.   0.   0.   0.   0.   0.   0.   0.   0.   0.   0.   0.   0.
  40   21.340  265.000 1.027 1.000 1064.1057.1061.1056.1048. 974. 790. 666.
 368.   0.   0.   0.   0.   0.   0.   0.   0.   0.   0.   0.   0.   0.   0.
  41   21.340  270.000 1.027 1.000 1027. 990. 978. 955. 926. 811. 626. 515.
 274.   0.   0.   0.   0.   0.   0.   0.   0.   0.   0.   0.   0.   0.   0.
  42   21.340  275.000 1.027 1.000 2066.2056.2053.2046.2043.1807.1603.1329.
1058. 420. 170.  70.   0.   0.   0.   0.   0.   0.   0.   0.   0.   0.   0.
  43   21.340  280.000 1.027 1.000 2085.2085.2085.2085.2085.1849.1643.1577.
1511. 776. 256.   0.   0.   0.   0.   0.   0.   0.   0.   0.   0.   0.   0.
  44   21.340  285.000 1.027 1.000 1933.1900.1865.1831.1746.1594.1415.1387.
1203. 624. 200.   0.   0.   0.   0.   0.   0.   0.   0.   0.   0.   0.   0.
  45   20.990  289.000 0.500 1.000 1297.1268.1241.1221.1216.1195.1169.1128.
1059.1011. 933. 716. 578. 376. 141. 141. 141. 141. 141. 141. 141. 141. 141.
 177   20.990  291.000 0.500 1.000 1471.1456.1447.1430.1425.1407.1378.1338.
1158.1106.1020. 783. 532. 312. 141. 141. 141. 141. 141. 141. 141. 141. 141.
 178   21.719  289.000 0.530 1.000 1373.1344.1330.1314.1246.1220.1193.1102.
1081.1032. 952. 731. 590. 384. 141. 141. 141. 141. 141. 141. 141. 141. 141.
 179   21.719  291.000 0.530 1.000 1384.1369.1330.1314.1246.1220.1193.1102.
 973. 826. 857. 694. 590. 384. 141. 141. 141. 141. 141. 141. 141. 141. 141.
  49   23.236  240.000 1.113 1.000 1588.1614.1640.1665.1691.1675. 688.   0.
   0.   0.   0.   0.   0.   0.   0.   0.   0.   0.   0.   0.   0.   0.   0.
  50   23.236  245.000 1.113 1.000 1575.1535.1494.1454.1413.1362.1234. 630.
   0.   0.   0.   0.   0.   0.   0.   0.   0.   0.   0.   0.   0.   0.   0.
  51   23.236  250.000 1.113 1.000 1554.1605.1563.1555.1571.1502.1292. 940.
 589.   0.   0.   0.   0.   0.   0.   0.   0.   0.   0.   0.   0.   0.   0.
  52   23.236  255.000 1.113 1.000 1571.1586.1602.1617.1631.1385.1401.1087.
 774. 366.   0.   0.   0.   0.   0.   0.   0.   0.   0.   0.   0.   0.   0.
  53   23.236  260.000 1.113 1.000 1742.1753.1811.1845.1771.1759.1539.1226.
 912. 303.   0.   0.   0.   0.   0.   0.   0.   0.   0.   0.   0.   0.   0.
  54   23.236  265.000 1.113 1.000 1881.1877.1902.1898.1894.1849.1606.1355.
1104. 547.   0.   0.   0.   0.   0.   0.   0.   0.   0.   0.   0.   0.   0.
  55   23.236  270.000 1.113 1.000 1771.1726.1697.1639.1554.1418.1107. 957.
 807. 301.   0.   0.   0.   0.   0.   0.   0.   0.   0.   0.   0.   0.   0.
  56   23.236  275.000 1.113 1.000 1594.1573.1564.1555.1547.1538.1359.1160.
 960. 391.  70.   0.   0.   0.   0.   0.   0.   0.   0.   0.   0.   0.   0.
  57   23.236  280.000 1.113 1.000 1694.1694.1694.1694.1694.1694.1506.1332.
1158. 534. 143.   0.   0.   0.   0.   0.   0.   0.   0.   0.   0.   0.   0.
  58   23.236  285.000 1.113 1.000 1644.1643.1642.1640.1639.1639.1457.1392.
1327. 675. 195.   0.   0.   0.   0.   0.   0.   0.   0.   0.   0.   0.   0.
  59   23.236  290.000 1.113 1.000 1624.1624.1624.1623.1621.1620.1583.1487.
1288. 741. 283.  90.   0.   0.   0.   0.   0.   0.   0.   0.   0.   0.   0.
  60   22.857  294.000 0.540 1.000 1519.1518.1516.1512.1499.1490.1470.1403.
1321.1266.1038. 848. 721. 348. 110. 110. 110. 110. 110. 110. 110. 110. 110.
 180   22.857  296.000 0.540 1.000 1266.1239.1221.1181.1173.1156.1132.1071.
 985. 936. 835. 662. 441. 315. 110. 110. 110. 110. 110. 110. 110. 110. 110.
 181   23.647  294.000 0.570 1.000 1317.1317.1317.1277.1269.1146.1121.1062.
 924. 886. 726. 594. 505. 244. 110. 110. 110. 110. 110. 110. 110. 110. 110.
 182   23.647  296.000 0.570 1.000 1317.1317.1317.1277.1269.1146.1121.1062.
 924. 886. 726. 594. 505. 244. 110. 110. 110. 110. 110. 110. 110. 110. 110.
  64   25.290  240.000 1.205 1.000 1765.1780.1795.1809.1824.1797. 712.   0.
   0.   0.   0.   0.   0.   0.   0.   0.   0.   0.   0.   0.   0.   0.   0.
  65   25.290  245.000 1.205 1.000 2094.2068.2043.2017.1991.1896.1647. 677.
   0.   0.   0.   0.   0.   0.   0.   0.   0.   0.   0.   0.   0.   0.   0.
  66   25.290  250.000 1.205 1.000 2288.2433.2383.2415.2483.2324.1886.1461.
 622.   0.   0.   0.   0.   0.   0.   0.   0.   0.   0.   0.   0.   0.   0.
  67   25.290  255.000 1.205 1.000 2226.2270.2312.2357.2398.2244.1918.1513.
1108. 511.   0.   0.   0.   0.   0.   0.   0.   0.   0.   0.   0.   0.   0.
  68   25.290  260.000 1.205 1.000 1949.1967.2054.2104.2086.2060.1755.1431.
1106. 578.   0.   0.   0.   0.   0.   0.   0.   0.   0.   0.   0.   0.   0.
  69   25.290  265.000 1.205 1.000 1831.1833.1866.1868.1858.1849.1804.1543.
1283.1086. 679.   0.   0.   0.   0.   0.   0.   0.   0.   0.   0.   0.   0.
  70   25.290  270.000 1.205 1.000 2029.1992.1955.1672.1576.1471.1257.1122.
 986. 416.   0.   0.   0.   0.   0.   0.   0.   0.   0.   0.   0.   0.   0.
  71   25.290  275.000 1.205 1.000 1946.1899.1876.1645.1623.1602.1579.1371.
1162. 522.   0.   0.   0.   0.   0.   0.   0.   0.   0.   0.   0.   0.   0.
  72   25.290  280.000 1.205 1.000 1922.1916.1910.1692.1687.1683.1667.1359.
1051. 449.   0.   0.   0.   0.   0.   0.   0.   0.   0.   0.   0.   0.   0.
  73   25.290  285.000 1.205 1.000 1781.1803.1817.1627.1640.1641.1642.1532.
1422. 809. 200.   0.   0.   0.   0.   0.   0.   0.   0.   0.   0.   0.   0.
  74   25.290  290.000 1.205 1.000  941.1044.1146.1248.1350.1353.1205.1047.
 890. 522. 293. 100.   0.   0.   0.   0.   0.   0.   0.   0.   0.   0.   0.
  75   26.300  293.700 0.600 1.000  900. 980.1050. 980. 970. 960. 900. 800.
 750. 600. 230.   0.   0.   0.   0.   0.   0.   0.   0.   0.   0.   0.   0.
  79   27.513  240.000 1.303 1.000 1498.1530.1561.1592.1527.1491.1362. 681.
   0.   0.   0.   0.   0.   0.   0.   0.   0.   0.   0.   0.   0.   0.   0.
  80   27.513  245.000 1.303 1.000 2050.2018.1987.1956.1925.1862.1625. 577.
   0.   0.   0.   0.   0.   0.   0.   0.   0.   0.   0.   0.   0.   0.   0.
  81   27.513  250.000 1.303 1.000 2199.2299.2249.2337.2349.2124.1774.1161.
 547.   0.   0.   0.   0.   0.   0.   0.   0.   0.   0.   0.   0.   0.   0.
  82   27.513  255.000 1.303 1.000 2199.2255.2287.2354.2375.2189.1825.1441.
1055. 484.   0.   0.   0.   0.   0.   0.   0.   0.   0.   0.   0.   0.   0.
  83   27.513  260.000 1.303 1.000 1980.2012.2070.2088.2070.1979.1691.1359.
1025. 611.   0.   0.   0.   0.   0.   0.   0.   0.   0.   0.   0.   0.   0.
  84   27.513  265.000 1.303 1.000 1960.1977.2010.2025.1945.1863.1716.1449.
1183. 971. 463.   0.   0.   0.   0.   0.   0.   0.   0.   0.   0.   0.   0.
  85   27.513  270.000 1.303 1.000 2472.2443.2411.2099.2036.1698.1604.1471.
1160. 454.   0.   0.   0.   0.   0.   0.   0.   0.   0.   0.   0.   0.   0.
  86   27.513  275.000 1.303 1.000 2299.2216.2141.1837.1770.1704.1638.1329.
1020. 399.   0.   0.   0.   0.   0.   0.   0.   0.   0.   0.   0.   0.   0.
  87   27.513  280.000 1.303 1.000 2027.1982.1936.1681.1641.1601.1480.1200.
 920. 371.   0.   0.   0.   0.   0.   0.   0.   0.   0.   0.   0.   0.   0.
  88   27.513  285.000 1.303 1.000 1470.1451.1415.1225.1192.1090.1022. 805.
 420.   0.   0.   0.   0.   0.   0.   0.   0.   0.   0.   0.   0.   0.   0.
  89   27.513  290.000 1.303 1.000 1362.1384.1306.1281.1250.1220.1170.1100.
 577.   0.   0.   0.   0.   0.   0.   0.   0.   0.   0.   0.   0.   0.   0.
  94   29.915  243.000 1.407 1.000 1685.1682.1680.1677.1675.1639.1483. 742.
   0.   0.   0.   0.   0.   0.   0.   0.   0.   0.   0.   0.   0.   0.   0.
  95   29.915  248.000 1.407 1.000 2063.2079.2034.2008.1964.1875.1633. 722.
   0.   0.   0.   0.   0.   0.   0.   0.   0.   0.   0.   0.   0.   0.   0.
  96   29.915  253.000 1.407 1.000 2283.2349.2344.2463.2444.2176.1805.1237.
 670. 304.   0.   0.   0.   0.   0.   0.   0.   0.   0.   0.   0.   0.   0.
  97   29.915  258.000 1.407 1.000 2350.2409.2439.2463.2449.2242.1881.1485.
1089. 504.   0.   0.   0.   0.   0.   0.   0.   0.   0.   0.   0.   0.   0.
  98   29.915  263.000 1.407 1.000 2728.2776.2817.2835.2694.2484.2140.1744.
1348. 640.   0.   0.   0.   0.   0.   0.   0.   0.   0.   0.   0.   0.   0.
  99   29.915  268.000 1.407 1.000 3049.3053.3057.2721.2629.2454.2066.1646.
1226. 536.   0.   0.   0.   0.   0.   0.   0.   0.   0.   0.   0.   0.   0.
 100   29.915  273.000 1.407 1.000 3218.3219.3220.2920.2827.2670.2036.1574.
 888. 267.   0.   0.   0.   0.   0.   0.   0.   0.   0.   0.   0.   0.   0.
 101   29.915  278.000 1.407 1.000 2480.2380.2279.2038.1943.1849.1660.1310.
 768. 240.   0.   0.   0.   0.   0.   0.   0.   0.   0.   0.   0.   0.   0.
 102   29.915  283.000 1.407 1.000 1683.1661.1581.1500.1420.1403.1239.1022.
 805. 530. 253.   0.   0.   0.   0.   0.   0.   0.   0.   0.   0.   0.   0.
 103   29.915  288.000 1.407 1.000 1638.1608.1531.1454.1376.1407.1439.1256.
1073. 779. 252.   0.   0.   0.   0.   0.   0.   0.   0.   0.   0.   0.   0.
 104   29.915  293.000 1.407 1.000 1109.1095.1071.1056.1042.1033. 993. 962.
 931. 676. 239.   0.   0.   0.   0.   0.   0.   0.   0.   0.   0.   0.   0.
 108   32.505  242.000 1.516 1.000 1380.1357.1335.1312. 967. 468.   0.   0.
   0.   0.   0.   0.   0.   0.   0.   0.   0.   0.   0.   0.   0.   0.   0.
 109   32.505  247.000 1.516 1.000 1900.1843.1767.1730.1654.1387. 748.   0.
   0.   0.   0.   0.   0.   0.   0.   0.   0.   0.   0.   0.   0.   0.   0.
 110   32.505  252.000 1.516 1.000 2110.2135.2120.2180.2160.1809.1454. 837.
 220. 100.   0.   0.   0.   0.   0.   0.   0.   0.   0.   0.   0.   0.   0.
 111   32.505  257.000 1.516 1.000 2279.2349.2399.2459.2490.2134.1769.1274.
 779. 330.   0.   0.   0.   0.   0.   0.   0.   0.   0.   0.   0.   0.   0.
 112   32.505  262.000 1.516 1.000 2197.2264.2317.2356.2343.2058.1752.1409.
1065. 547.   0.   0.   0.   0.   0.   0.   0.   0.   0.   0.   0.   0.   0.
 113   32.505  267.000 1.516 1.000 2138.2176.2199.1972.1929.1761.1549.1251.
 951. 383.   0.   0.   0.   0.   0.   0.   0.   0.   0.   0.   0.   0.   0.
 114   32.505  272.000 1.516 1.000 2870.2872.2867.2528.2444.2270.1956.1528.
1100. 371.   0.   0.   0.   0.   0.   0.   0.   0.   0.   0.   0.   0.   0.
 115   32.505  277.000 1.516 1.000 2849.2813.2777.2437.2301.2165.1892.1480.
1068. 360.   0.   0.   0.   0.   0.   0.   0.   0.   0.   0.   0.   0.   0.
 116   32.505  282.000 1.516 1.000 2666.2630.2566.2225.2160.2122.1827.1452.
1079. 392.   0.   0.   0.   0.   0.   0.   0.   0.   0.   0.   0.   0.   0.
 117   32.505  287.000 1.516 1.000 2167.2159.1981.1936.1897.1884.1871.1528.
1170. 679. 362. 186.   0.   0.   0.   0.   0.   0.   0.   0.   0.   0.   0.
 118   32.505  292.000 1.516 1.000 1761.1769.1536.1543.1551.1526.1501.1466.
1200. 692. 298.   0.   0.   0.   0.   0.   0.   0.   0.   0.   0.   0.   0.
 119   32.505  297.000 1.516 1.000  796. 763. 736. 730. 728. 723. 720. 716.
 706. 430.   0.   0.   0.   0.   0.   0.   0.   0.   0.   0.   0.   0.   0.
 122   35.293  242.000 1.630 1.000 1244.1181.1119.1057. 995. 553. 330. 165.
   0.   0.   0.   0.   0.   0.   0.   0.   0.   0.   0.   0.   0.   0.   0.
 123   35.293  247.000 1.630 1.000 1711.1601.1491.1381.1271. 880. 490.   0.
   0.   0.   0.   0.   0.   0.   0.   0.   0.   0.   0.   0.   0.   0.   0.
 124   35.293  252.000 1.630 1.000 1932.1912.1892.1872.1852.1453. 764.   0.
   0.   0.   0.   0.   0.   0.   0.   0.   0.   0.   0.   0.   0.   0.   0.
 125   35.293  257.000 1.630 1.000 1947.2007.2066.2126.2185.1723.1412. 619.
   0.   0.   0.   0.   0.   0.   0.   0.   0.   0.   0.   0.   0.   0.   0.
 126   35.293  262.000 1.630 1.000 2125.2218.2292.2374.2450.2001.1647.1318.
 692.   0.   0.   0.   0.   0.   0.   0.   0.   0.   0.   0.   0.   0.   0.
 127   35.293  267.000 1.630 1.000 2218.2290.2329.2358.2382.2107.1707.1370.
1033. 475.   0.   0.   0.   0.   0.   0.   0.   0.   0.   0.   0.   0.   0.
 128   35.293  272.000 1.630 1.000 2433.2499.2551.2574.2473.2250.2021.1589.
1156. 551.   0.   0.   0.   0.   0.   0.   0.   0.   0.   0.   0.   0.   0.
 129   35.293  277.000 1.630 1.000 2397.2434.2472.2230.2099.1957.1733.1358.
 983. 324.   0.   0.   0.   0.   0.   0.   0.   0.   0.   0.   0.   0.   0.
 130   35.293  282.000 1.630 1.000 2813.2794.2780.2453.2420.2375.2059.1606.
1151. 356. 100.   0.   0.   0.   0.   0.   0.   0.   0.   0.   0.   0.   0.
 131   35.293  287.000 1.630 1.000 2787.2790.2514.2517.2533.2566.2496.1966.
1398. 629. 378. 181.   0.   0.   0.   0.   0.   0.   0.   0.   0.   0.   0.
 132   35.293  292.000 1.630 1.000 2538.2465.2271.2199.2125.2064.1984.1968.
1467. 674. 255. 128.   0.   0.   0.   0.   0.   0.   0.   0.   0.   0.   0.
 133   35.293  297.000 1.630 1.000 2223.2213.2202.2193.2183.2170.2008.1825.
1174. 697. 274.   0.   0.   0.   0.   0.   0.   0.   0.   0.   0.   0.   0.
 172   36.200  300.500 0.800 1.000  919. 887. 876. 854. 833. 800. 757. 419.
   0.   0.   0.   0.   0.   0.   0.   0.   0.   0.   0.   0.   0.   0.   0.
 136   38.286  243.000 1.748 1.000 1795.1674.1556.1372.1197. 797. 395. 198.
   0.   0.   0.   0.   0.   0.   0.   0.   0.   0.   0.   0.   0.   0.   0.
 137   38.286  248.000 1.748 1.000 1209.1086. 963. 841. 359.   0.   0.   0.
   0.   0.   0.   0.   0.   0.   0.   0.   0.   0.   0.   0.   0.   0.   0.
 138   38.286  253.000 1.748 1.000 1251.1142.1034. 926. 818. 305.   0.   0.
   0.   0.   0.   0.   0.   0.   0.   0.   0.   0.   0.   0.   0.   0.   0.
 139   38.286  258.000 1.748 1.000 1474.1443.1411.1379.1347. 907. 531.   0.
   0.   0.   0.   0.   0.   0.   0.   0.   0.   0.   0.   0.   0.   0.   0.
 140   38.286  263.000 1.748 1.000 1846.1877.1897.1922.1944.1276. 617. 348.
   0.   0.   0.   0.   0.   0.   0.   0.   0.   0.   0.   0.   0.   0.   0.
 141   38.286  268.000 1.748 1.000 2167.2220.2261.2291.2399.1861.1364. 670.
   0.   0.   0.   0.   0.   0.   0.   0.   0.   0.   0.   0.   0.   0.   0.
 142   38.286  273.000 1.748 1.000 2494.2565.2634.2694.2685.2362.1989.1484.
 685.   0.   0.   0.   0.   0.   0.   0.   0.   0.   0.   0.   0.   0.   0.
 143   38.286  278.000 1.748 1.000 3163.3221.3268.3288.3208.2976.2462.1942.
1421. 461.   0.   0.   0.   0.   0.   0.   0.   0.   0.   0.   0.   0.   0.
 144   38.286  283.000 1.748 1.000 3157.3173.3268.3257.3244.2998.2604.2045.
1486. 700. 299.   0.   0.   0.   0.   0.   0.   0.   0.   0.   0.   0.   0.
 145   38.286  288.000 1.748 1.000 2593.2560.2402.2378.2354.2126.1832.1469.
1084. 513. 141.   0.   0.   0.   0.   0.   0.   0.   0.   0.   0.   0.   0.
 146   38.286  293.000 1.748 1.000 1717.1670.1510.1478.1282.1121. 805. 676.
 532. 251.  86.   0.   0.   0.   0.   0.   0.   0.   0.   0.   0.   0.   0.
 147   38.286  298.000 1.748 1.000 2543.2539.2418.2318.2213.2128.2087.1576.
1062. 465.   0.   0.   0.   0.   0.   0.   0.   0.   0.   0.   0.   0.   0.
 148   38.286  303.000 1.748 1.000 1230.1188.1147.1102. 893. 576. 262.   0.
   0.   0.   0.   0.   0.   0.   0.   0.   0.   0.   0.   0.   0.   0.   0.
 171   41.492  240.500 1.869 1.000 1868.1711.1561.1108. 636. 213.   0.   0.
   0.   0.   0.   0.   0.   0.   0.   0.   0.   0.   0.   0.   0.   0.   0.
 149   41.492  263.000 1.869 1.000 1365.1353.1341.1328.1316. 658. 250.   0.
   0.   0.   0.   0.   0.   0.   0.   0.   0.   0.   0.   0.   0.   0.   0.
 150   41.492  268.000 1.869 1.000 1590.1571.1552.1543.1499.1144. 486.   0.
   0.   0.   0.   0.   0.   0.   0.   0.   0.   0.   0.   0.   0.   0.   0.
 151   41.492  273.000 1.869 1.000 1932.1929.1925.1922.1913.1633.1299. 923.
 547.   0.   0.   0.   0.   0.   0.   0.   0.   0.   0.   0.   0.   0.   0.
 152   41.492  278.000 1.869 1.000 2419.2414.2399.2357.2287.2036.1644.1250.
 599.   0.   0.   0.   0.   0.   0.   0.   0.   0.   0.   0.   0.   0.   0.
 153   41.492  283.000 1.869 1.000 2447.2452.2495.2456.2417.2059.1645.1257.
 609.   0.   0.   0.   0.   0.   0.   0.   0.   0.   0.   0.   0.   0.   0.
 154   41.492  288.000 1.869 1.000 1631.1558.1550.1496.1441.1334.1126. 850.
 400.   0.   0.   0.   0.   0.   0.   0.   0.   0.   0.   0.   0.   0.   0.
 155   41.492  293.000 1.869 1.000  141. 132. 124. 109.  60.   0.   0.   0.
   0.   0.   0.   0.   0.   0.   0.   0.   0.   0.   0.   0.   0.   0.   0.
 156   41.492  298.000 1.869 1.000  128. 122. 114.  46.   0.   0.   0.   0.
   0.   0.   0.   0.   0.   0.   0.   0.   0.   0.   0.   0.   0.   0.   0.
 157   41.492  303.000 1.869 1.000  796. 774. 729. 693. 554. 422. 259.   0.
   0.   0.   0.   0.   0.   0.   0.   0.   0.   0.   0.   0.   0.   0.   0.
 158   44.913  265.000 1.992 1.000 1210.1162.1113.1064. 508.   0.   0.   0.
   0.   0.   0.   0.   0.   0.   0.   0.   0.   0.   0.   0.   0.   0.   0.
 160   44.913  275.000 1.992 1.000 1909.1664.1420.1176. 930. 581. 350.   0.
   0.   0.   0.   0.   0.   0.   0.   0.   0.   0.   0.   0.   0.   0.   0.
 161   44.913  280.000 1.992 1.000 1552.1454.1355.1254.1155. 952. 290.   0.
   0.   0.   0.   0.   0.   0.   0.   0.   0.   0.   0.   0.   0.   0.   0.
 162   44.913  285.000 1.992 1.000 1520.1424.1208.1119.1024. 880. 375.   0.
   0.   0.   0.   0.   0.   0.   0.   0.   0.   0.   0.   0.   0.   0.   0.
 163   44.913  290.000 1.992 1.000  998. 864. 761. 570. 342. 142.   0.   0.
   0.   0.   0.   0.   0.   0.   0.   0.   0.   0.   0.   0.   0.   0.   0.
 164   44.500  295.000 1.320 1.000  786. 747. 708. 317. 139.   0.   0.   0.
   0.   0.   0.   0.   0.   0.   0.   0.   0.   0.   0.   0.   0.   0.   0.
 166   48.552  275.000 2.114 1.000  625. 523. 419. 316.   0.   0.   0.   0.
   0.   0.   0.   0.   0.   0.   0.   0.   0.   0.   0.   0.   0.   0.   0.
 167   48.552  280.000 2.114 1.000  625. 552. 479. 283.   0.   0.   0.   0.
   0.   0.   0.   0.   0.   0.   0.   0.   0.   0.   0.   0.   0.   0.   0.
 168   48.552  285.000 2.114 1.000  510. 476. 422. 373.   0.   0.   0.   0.
   0.   0.   0.   0.   0.   0.   0.   0.   0.   0.   0.   0.   0.   0.   0.
 173   47.700  289.000 0.875 1.000  726. 678. 602. 309.   0.   0.   0.   0.
   0.   0.   0.   0.   0.   0.   0.   0.   0.   0.   0.   0.   0.   0.   0.
  38   13.317  238.000 0.650 1.000  302. 299. 286. 130.   0.   0.   0.   0.
   0.   0.   0.   0.   0.   0.   0.   0.   0.   0.   0.   0.   0.   0.   0.
  21   19.592  233.000 0.946 1.000  220. 230. 280. 230. 165.  99.   0.   0.
   0.   0.   0.   0.   0.   0.   0.   0.   0.   0.   0.   0.   0.   0.   0.
  22   19.592  238.000 0.946 1.000  665. 719. 773. 827. 882. 441.   0.   0.
   0.   0.   0.   0.   0.   0.   0.   0.   0.   0.   0.   0.   0.   0.   0.
  33   21.340  230.000 1.027 1.000  268. 234. 201. 167. 134. 107.   0.   0.
   0.   0.   0.   0.   0.   0.   0.   0.   0.   0.   0.   0.   0.   0.   0.
  34   21.340  235.000 1.027 1.000  428. 467. 530. 586. 635. 314.   0.   0.
   0.   0.   0.   0.   0.   0.   0.   0.   0.   0.   0.   0.   0.   0.   0.
  46   23.236  225.000 1.113 1.000  500. 438. 375. 312. 250. 200.   0.   0.
   0.   0.   0.   0.   0.   0.   0.   0.   0.   0.   0.   0.   0.   0.   0.
  47   23.236  230.000 1.113 1.000  647. 566. 485. 404. 324. 259.   0.   0.
   0.   0.   0.   0.   0.   0.   0.   0.   0.   0.   0.   0.   0.   0.   0.
  48   23.236  235.000 1.113 1.000  780. 862. 945.1026.1109.1093. 485.   0.
   0.   0.   0.   0.   0.   0.   0.   0.   0.   0.   0.   0.   0.   0.   0.
  61   25.290  225.000 1.205 1.000  464. 456. 440. 432. 416. 208.   0.   0.
   0.   0.   0.   0.   0.   0.   0.   0.   0.   0.   0.   0.   0.   0.   0.
  62   25.290  230.000 1.205 1.000 1000. 881. 762. 642. 523. 319.   0.   0.
   0.   0.   0.   0.   0.   0.   0.   0.   0.   0.   0.   0.   0.   0.   0.
  63   25.290  235.000 1.205 1.000 1188.1269.1350.1431.1512.1463. 636.   0.
   0.   0.   0.   0.   0.   0.   0.   0.   0.   0.   0.   0.   0.   0.   0.
  76   27.513  225.000 1.303 1.000  664. 647. 630. 613. 596. 299. 180.   0.
   0.   0.   0.   0.   0.   0.   0.   0.   0.   0.   0.   0.   0.   0.   0.
  77   27.513  230.000 1.303 1.000 1200.1110.1021. 931. 841. 751. 661. 331.
   0.   0.   0.   0.   0.   0.   0.   0.   0.   0.   0.   0.   0.   0.   0.
  78   27.513  235.000 1.303 1.000 1099.1130.1161.1192. 917. 443.   0.   0.
   0.   0.   0.   0.   0.   0.   0.   0.   0.   0.   0.   0.   0.   0.   0.
   1   29.500  219.000 0.900 1.000 1100.1033. 964. 901. 837. 495. 268. 126.
   0.   0.   0.   0.   0.   0.   0.   0.   0.   0.   0.   0.   0.   0.   0.
  90   29.915  223.000 1.407 1.000 1607.1507.1407.1317.1223. 555. 301. 143.
   0.   0.   0.   0.   0.   0.   0.   0.   0.   0.   0.   0.   0.   0.   0.
  91   29.915  228.000 1.407 1.000 1651.1609.1565.1525.1481.1134. 789. 395.
   0.   0.   0.   0.   0.   0.   0.   0.   0.   0.   0.   0.   0.   0.   0.
  92   29.915  233.000 1.407 1.000 1202.1174.1144.1114.1085. 742. 398. 199.
   0.   0.   0.   0.   0.   0.   0.   0.   0.   0.   0.   0.   0.   0.   0.
  93   29.915  238.000 1.407 1.000 1127.1148.1168.1189. 907. 451.   0.   0.
   0.   0.   0.   0.   0.   0.   0.   0.   0.   0.   0.   0.   0.   0.   0.
 170   31.500  223.700 0.600 1.000 1186.1117.1047. 980. 917. 621. 294. 141.
   0.   0.   0.   0.   0.   0.   0.   0.   0.   0.   0.   0.   0.   0.   0.
 105   32.505  227.000 1.516 1.000 1138.1070.1003. 823. 364. 246. 136.   0.
   0.   0.   0.   0.   0.   0.   0.   0.   0.   0.   0.   0.   0.   0.   0.
 106   32.505  232.000 1.516 1.000 1251.1226.1201.1176.1151. 946. 741. 445.
   0.   0.   0.   0.   0.   0.   0.   0.   0.   0.   0.   0.   0.   0.   0.
 107   32.505  237.000 1.516 1.000 1190.1185.1180.1175.1170. 865. 560. 280.
   0.   0.   0.   0.   0.   0.   0.   0.   0.   0.   0.   0.   0.   0.   0.
 169   35.000  227.500 1.400 1.000  300. 266. 195. 113.   0.   0.   0.   0.
   0.   0.   0.   0.   0.   0.   0.   0.   0.   0.   0.   0.   0.   0.   0.
 120   35.293  232.000 1.630 1.000 1364.1290.1216.1144.1075. 830. 683. 444.
   0.   0.   0.   0.   0.   0.   0.   0.   0.   0.   0.   0.   0.   0.   0.
 121   35.293  237.000 1.630 1.000 1932.1904.1876.1764.1655.1222. 787. 393.
   0.   0.   0.   0.   0.   0.   0.   0.   0.   0.   0.   0.   0.   0.   0.
 165   37.000  228.000 0.800 1.000 1556.1501.1385.1251. 683.   0.   0.   0.
   0.   0.   0.   0.   0.   0.   0.   0.   0.   0.   0.   0.   0.   0.   0.
 134   38.286  233.000 1.748 1.000 1397.1308.1224.1139.1010. 666. 367. 148.
   0.   0.   0.   0.   0.   0.   0.   0.   0.   0.   0.   0.   0.   0.   0.
 135   38.286  238.000 1.748 1.000 2058.1885.1720.1492.1284. 858. 547. 274.
   0.   0.   0.   0.   0.   0.   0.   0.   0.   0.   0.   0.   0.   0.   0.
