ice3g_ant.dat 
Region of Antarctica 
Authors: Tushingham and Peltier, JGR, 1991 
174  number of elements 
20   header lines 
2    lines for each element 
18   time since the LGM (kyrs)
1    lenght of each time step 
---------------
For each ice element, the data are presented in two lines, with the following meaning: 
a label, colatitude and longitude of the disc center (deg), half-amplitude of the disc 
element (deg), a dummy variable, and disc element thickness (m). The first value is 
thickness before the beginning of deglaciation (i.e. from -infinity to 18 kyrs BP), 
the 18 elements that follow are ice thickness at 1 kyrs intervals up to present time, 
and the last three elements are thicknesses during the future 3 kyrs (not used in the 
computations). File SH3.F of SELEN reads this file and indicates with h_0 ice thickness 
before melting begins, h_1 between 18 and 17 kyrs BP, ..., and with h_18 ice thickness 
between 1 and 0 kyrs BP. With h_19=h_18 SELEN denotes the ice (constant) thickness in 
the future. GS July 28 2007.  
---------------
   1  159.465  165.000 1.829 0.350  138. 138. 138. 138. 138. 138. 138. 138.
 138. 138.  91.  60.  36.  12.   0.   0.   0.   0.   0.   0.   0.   0.   0.
   2  161.982  165.000 1.403 1.000 1388.1388.1388.1388.1388.1388.1388.1388.
1388.1388.1342.1308.1267.1226.1205.1205.1205.1205.1205.1205.1205.1205.1205.
   3  163.980  165.000 1.325 1.000 1188.1188.1188.1188.1188.1188.1188.1188.
1188.1188.1082.1035.1021.1007.1000.1000.1000.1000.1000.1000.1000.1000.1000.
   4  165.977  165.000 1.241 1.000  131. 131. 131. 131. 131. 131. 131. 131.
 131. 131.  76.  43.  26.   9.   0.   0.   0.   0.   0.   0.   0.   0.   0.
   5  167.973  165.000 1.150 1.000  423. 423. 423. 423. 423. 423. 423. 423.
 423. 423. 372. 334. 254. 210. 200. 200. 200. 200. 200. 200. 200. 200. 200.
   6  169.967  165.000 1.051 1.000  791. 791. 791. 791. 791. 791. 791. 791.
 791. 791. 566. 406. 248.  90.  19.  19.  19.  19.  19.  19.  19.  19.  19.
   7  171.959  170.000 1.331 1.000 1688.1688.1688.1688.1688.1688.1688.1688.
1688.1688.1235. 903. 553. 204.  29.  29.  29.  29.  29.  29.  29.  29.  29.
   8  173.487  165.000 0.600 1.000 1438.1438.1438.1438.1438.1438.1438.1438.
1438.1438.1089. 825. 511. 196.  39.  39.  39.  39.  39.  39.  39.  39.  39.
   9  174.485  165.000 0.552 1.000 1238.1238.1238.1238.1238.1238.1238.1238.
1238.1238.1010. 838. 633. 428. 325. 325. 325. 325. 325. 325. 325. 325. 325.
  10  174.485  175.000 0.552 1.000 1738.1738.1738.1738.1738.1738.1738.1738.
1738.1738.1389.1125. 811. 496. 339. 339. 339. 339. 339. 339. 339. 339. 339.
  11  173.487  175.000 0.600 1.000 2238.2238.2238.2238.2238.2238.2238.2238.
2238.2238.1744.1376. 962. 549. 342. 342. 342. 342. 342. 342. 342. 342. 342.
  12  169.967  175.000 1.051 1.000  791. 791. 791. 791. 791. 791. 791. 791.
 791. 791. 566. 406. 248.  90.  19.  19.  19.  19.  19.  19.  19.  19.  19.
  13  167.973  175.000 1.150 1.000  392. 392. 392. 392. 392. 392. 392. 392.
 392. 392. 258. 170. 102.  43.   0.   0.   0.   0.   0.   0.   0.   0.   0.
  14  165.977  175.000 1.241 1.000  202. 202. 202. 202. 202. 202. 202. 202.
 202. 202. 116.  66.  40.  14.   0.   0.   0.   0.   0.   0.   0.   0.   0.
  15  163.980  175.000 1.325 0.900   58.  58.  58.  58.  58.  58.  58.  58.
  58.  58.  25.  11.   7.   2.   0.   0.   0.   0.   0.   0.   0.   0.   0.
  16  161.982  175.000 1.403 0.350   10.  10.  10.  10.  10.  10.  10.  10.
  10.  10.   2.   0.   0.   0.   0.   0.   0.   0.   0.   0.   0.   0.   0.
  17  163.980  185.000 1.325 0.200   10.  10.  10.  10.  10.  10.  10.  10.
  10.  10.   4.   2.   1.   0.   0.   0.   0.   0.   0.   0.   0.   0.   0.
  18  165.977  185.000 1.241 0.650   58.  58.  58.  58.  58.  58.  58.  58.
  58.  58.  33.  19.  11.   4.   0.   0.   0.   0.   0.   0.   0.   0.   0.
  19  167.973  185.000 1.150 1.000  623. 623. 623. 623. 623. 623. 623. 623.
 623. 623. 410. 271. 163.  54.   0.   0.   0.   0.   0.   0.   0.   0.   0.
  20  169.967  185.000 1.051 1.000 1163.1163.1163.1163.1163.1163.1163.1163.
1163.1163. 833. 597. 364. 131.  25.  25.  25.  25.  25.  25.  25.  25.  25.
  21  171.959  190.000 1.331 1.000 2538.2538.2538.2538.2538.2538.2538.2538.
2538.2538.1857.1358. 832. 307.  44.  44.  44.  44.  44.  44.  44.  44.  44.
  22  173.487  185.000 0.600 1.000 2438.2438.2438.2438.2438.2438.2438.2438.
2438.2438.1817.1354. 834. 313.  53.  53.  53.  53.  53.  53.  53.  53.  53.
  23  174.485  185.000 0.552 1.000 3138.3138.3138.3138.3138.3138.3138.3138.
3138.3138.2593.2187.1731.1275.1047.1047.1047.1047.1047.1047.1047.1047.1047.
  24  174.485  195.000 0.552 1.000 2558.2558.2558.2558.2558.2558.2558.2558.
2558.2558.1906.1420. 874. 329.  56.  56.  56.  56.  56.  56.  56.  56.  56.
  25  173.487  195.000 0.600 1.000 2788.2788.2788.2788.2788.2788.2788.2788.
2788.2788.2077.1548. 953. 358.  61.  61.  61.  61.  61.  61.  61.  61.  61.
  26  169.967  195.000 1.051 1.000 2588.2588.2588.2588.2588.2588.2588.2588.
2588.2588.1968.1523.1085. 648. 429. 429. 429. 429. 429. 429. 429. 429. 429.
  27  167.973  195.000 1.150 1.000  713. 713. 713. 713. 713. 713. 713. 713.
 713. 713. 470. 310. 186.  62.   0.   0.   0.   0.   0.   0.   0.   0.   0.
  28  165.977  195.000 1.241 0.400  188. 188. 188. 188. 188. 188. 188. 188.
 188. 188. 108.  62.  37.  12.   0.   0.   0.   0.   0.   0.   0.   0.   0.
  29  165.977  205.000 1.241 0.250  188. 188. 188. 188. 188. 188. 188. 188.
 188. 188. 108.  62.  37.  12.   0.   0.   0.   0.   0.   0.   0.   0.   0.
  30  167.973  205.000 1.150 1.000 1588.1588.1588.1588.1588.1588.1588.1588.
1588.1588.1183. 916. 710. 503. 400. 400. 400. 400. 400. 400. 400. 400. 400.
  31  169.967  205.000 1.051 1.000 2438.2438.2438.2438.2438.2438.2438.2438.
2438.2438.1747.1252. 764. 276.  32.  32.  32.  32.  32.  32.  32.  32.  32.
  32  171.959  210.000 1.331 1.000 3538.3538.3538.3538.3538.3538.3538.3538.
3538.3538.2749.2173.1564. 955. 651. 651. 651. 651. 651. 651. 651. 651. 651.
  33  173.487  205.000 0.600 1.000 2938.2938.2938.2938.2938.2938.2938.2938.
2938.2938.2189.1631.1004. 377.  64.  64.  64.  64.  64.  64.  64.  64.  64.
  34  174.485  205.000 0.552 1.000 2738.2738.2738.2738.2738.2738.2738.2738.
2738.2738.2040.1520. 936. 352.  60.  60.  60.  60.  60.  60.  60.  60.  60.
  35  174.485  215.000 0.552 1.000 4388.4388.4388.4388.4388.4388.4388.4388.
4388.4388.3736.3242.2654.2067.1773.1773.1773.1773.1773.1773.1773.1773.1773.
  36  173.487  215.000 0.600 1.000 4138.4138.4138.4138.4138.4138.4138.4138.
4138.4138.3425.2886.2243.1600.1279.1279.1279.1279.1279.1279.1279.1279.1279.
  37  169.967  215.000 1.051 1.000 3138.3138.3138.3138.3138.3138.3138.3138.
3138.3138.2522.2056.1501. 946. 669. 669. 669. 669. 669. 669. 669. 669. 669.
  38  167.973  215.000 1.150 1.000 2338.2338.2338.2338.2338.2338.2338.2338.
2338.2338.2110.1938.1732.1527.1424.1424.1424.1424.1424.1424.1424.1424.1424.
  39  165.977  215.000 1.241 0.850  738. 738. 738. 738. 738. 738. 738. 738.
 738. 738. 623. 547. 488. 429. 400. 400. 400. 400. 400. 400. 400. 400. 400.
  40  164.978  225.000 1.284 0.750  708. 708. 708. 708. 708. 708. 708. 708.
 708. 708. 603. 534. 480. 427. 400. 400. 400. 400. 400. 400. 400. 400. 400.
  41  167.210  226.250 1.482 1.000 2038.2038.2038.2038.2038.2038.2038.2038.
2038.2038.1907.1809.1691.1574.1515.1515.1515.1515.1515.1515.1515.1515.1515.
  42  169.700  226.250 1.330 1.000 3538.3538.3538.3538.3538.3538.3538.3538.
3538.3538.3019.2627.2159.1692.1458.1458.1458.1458.1458.1458.1458.1458.1458.
  43  171.959  226.250 1.052 1.000 3958.3958.3958.3958.3958.3958.3958.3958.
3958.3958.3337.2868.2308.1749.1469.1469.1469.1469.1469.1469.1469.1469.1469.
  44  173.945  226.250 0.912 1.000 3088.3088.3088.3088.3088.3088.3088.3088.
3088.3088.2436.1942.1354. 767. 473. 473. 473. 473. 473. 473. 473. 473. 473.
  45  173.945  238.750 0.912 1.000 4438.4438.4438.4438.4438.4438.4438.4438.
4438.4438.3847.3399.2866.2333.2066.2066.2066.2066.2066.2066.2066.2066.2066.
  46  171.959  238.750 1.052 1.000 4708.4708.4708.4708.4708.4708.4708.4708.
4708.4708.4148.3724.3219.2714.2462.2462.2462.2462.2462.2462.2462.2462.2462.
  47  169.700  238.750 1.330 1.000 4288.4288.4288.4288.4288.4288.4288.4288.
4288.4288.3878.3568.3199.2830.2646.2646.2646.2646.2646.2646.2646.2646.2646.
  48  167.210  238.750 1.482 1.000 2488.2488.2488.2488.2488.2488.2488.2488.
2488.2488.2321.2195.2045.1894.1819.1819.1819.1819.1819.1819.1819.1819.1819.
  49  164.978  233.750 1.112 0.950 1138.1138.1138.1138.1138.1138.1138.1138.
1138.1138.1056. 994. 920. 846. 809. 809. 809. 809. 809. 809. 809. 809. 809.
  50  162.981  233.750 1.182 0.400  188. 188. 188. 188. 188. 188. 188. 188.
 188. 188. 124.  82.  49.  16.   0.   0.   0.   0.   0.   0.   0.   0.   0.
  51  162.981  241.250 1.182 0.650  188. 188. 188. 188. 188. 188. 188. 188.
 188. 188. 124.  82.  49.  16.   0.   0.   0.   0.   0.   0.   0.   0.   0.
  52  164.978  241.250 1.112 1.000 1038.1038.1038.1038.1038.1038.1038.1038.
1038.1038. 932. 851. 755. 660. 612. 612. 612. 612. 612. 612. 612. 612. 612.
  53  162.222  248.750 1.349 0.250  150. 150. 150. 150. 150. 150. 150. 150.
 150. 150. 100.  60.  36.  12.   0.   0.   0.   0.   0.   0.   0.   0.   0.
  54  164.717  248.750 1.253 1.000 1288.1288.1288.1288.1288.1288.1288.1288.
1288.1288.1121. 995. 845. 694. 619. 619. 619. 619. 619. 619. 619. 619. 619.
  55  162.222  256.250 1.349 0.600  238. 238. 238. 238. 238. 238. 238. 238.
 238. 238. 157. 103.  62.  21.   0.   0.   0.   0.   0.   0.   0.   0.   0.
  56  164.717  256.250 1.253 1.000 1088.1088.1088.1088.1088.1088.1088.1088.
1088.1088. 853. 699. 579. 460. 400. 400. 400. 400. 400. 400. 400. 400. 400.
  57  167.210  251.250 1.482 1.000 2338.2338.2338.2338.2338.2338.2338.2338.
2338.2338.2110.1938.1733.1528.1425.1425.1425.1425.1425.1425.1425.1425.1425.
  58  169.700  251.250 1.330 1.000 3738.3738.3738.3738.3738.3738.3738.3738.
3738.3738.3559.3423.3262.3101.3020.3020.3020.3020.3020.3020.3020.3020.3020.
  59  171.959  251.250 1.052 1.000 3838.3838.3838.3838.3838.3838.3838.3838.
3838.3838.3465.3182.2846.2510.2342.2342.2342.2342.2342.2342.2342.2342.2342.
  60  173.945  251.250 0.912 1.000 4338.4338.4338.4338.4338.4338.4338.4338.
4338.4338.3868.3512.3088.2664.2452.2452.2452.2452.2452.2452.2452.2452.2452.
  61  173.945  263.750 0.912 1.000 3238.3238.3238.3238.3238.3238.3238.3238.
3238.3238.3010.2838.2633.2428.2325.2325.2325.2325.2325.2325.2325.2325.2325.
  62  171.959  263.750 1.052 1.000 3738.3738.3738.3738.3738.3738.3738.3738.
3738.3738.3510.3338.3133.2928.2825.2825.2825.2825.2825.2825.2825.2825.2825.
  63  169.700  263.750 1.330 1.000 3238.3238.3238.3238.3238.3238.3238.3238.
3238.3238.3010.2838.2633.2428.2325.2325.2325.2325.2325.2325.2325.2325.2325.
  64  167.210  263.750 1.482 1.000 3038.3038.3038.3038.3038.3038.3038.3038.
3038.3038.2835.2681.2498.2315.2223.2223.2223.2223.2223.2223.2223.2223.2223.
  65  164.453  265.000 1.597 1.000 1238.1238.1238.1238.1238.1238.1238.1238.
1238.1238.1107.1009. 891. 774. 715. 715. 715. 715. 715. 715. 715. 715. 715.
  66  161.461  265.000 1.741 0.750  238. 238. 238. 238. 238. 238. 238. 238.
 238. 238. 157. 103.  62.  21.   0.   0.   0.   0.   0.   0.   0.   0.   0.
  67  160.932  275.000 2.036 0.650  438. 438. 438. 438. 438. 438. 438. 438.
 438. 438. 289. 190. 114.  38.   0.   0.   0.   0.   0.   0.   0.   0.   0.
  68  163.980  272.500 0.937 1.000 1538.1538.1538.1538.1538.1538.1538.1538.
1538.1538.1432.1351.1255.1160.1112.1112.1112.1112.1112.1112.1112.1112.1112.
  69  163.980  277.500 0.937 1.000 1738.1738.1738.1738.1738.1738.1738.1738.
1738.1738.1510.1338.1133. 928. 825. 825. 825. 825. 825. 825. 825. 825. 825.
  70  165.977  275.000 1.241 1.000 1858.1858.1858.1858.1858.1858.1858.1858.
1858.1858.1723.1620.1498.1376.1315.1315.1315.1315.1315.1315.1315.1315.1315.
  71  167.973  275.000 1.150 1.000 1408.1408.1408.1408.1408.1408.1408.1408.
1408.1408.1212.1064. 887. 710. 622. 622. 622. 622. 622. 622. 622. 622. 622.
  72  169.967  275.000 1.051 1.000 2188.2188.2188.2188.2188.2188.2188.2188.
2188.2188.1900.1682.1422.1162.1032.1032.1032.1032.1032.1032.1032.1032.1032.
  73  171.959  280.000 1.331 1.000 3938.3938.3938.3938.3938.3938.3938.3938.
3938.3938.3516.3197.2817.2437.2247.2247.2247.2247.2247.2247.2247.2247.2247.
  74  173.945  277.500 0.999 1.000 3038.3038.3038.3038.3038.3038.3038.3038.
3038.3038.2689.2425.2111.1796.1639.1639.1639.1639.1639.1639.1639.1639.1639.
  75  173.945  292.500 0.999 1.000 4038.4038.4038.4038.4038.4038.4038.4038.
4038.4038.3471.3041.2530.2019.1763.1763.1763.1763.1763.1763.1763.1763.1763.
  76  172.489  295.000 0.645 1.000 4238.4238.4238.4238.4238.4238.4238.4238.
4238.4238.3695.3284.2794.2305.2060.2060.2060.2060.2060.2060.2060.2060.2060.
  77  171.490  295.000 0.686 1.000 3938.3938.3938.3938.3938.3938.3938.3938.
3938.3938.3418.3037.2635.2234.2033.2033.2033.2033.2033.2033.2033.2033.2033.
  78  169.967  285.000 1.051 1.000 3038.3038.3038.3038.3038.3038.3038.3038.
3038.3038.2489.2095.1707.1319.1125.1125.1125.1125.1125.1125.1125.1125.1125.
  79  167.973  285.000 1.150 1.000 2088.2088.2088.2088.2088.2088.2088.2088.
2088.2088.1683.1416.1210.1003. 900. 900. 900. 900. 900. 900. 900. 900. 900.
  80  165.977  285.000 1.241 1.000 1758.1758.1758.1758.1758.1758.1758.1758.
1758.1758.1623.1520.1398.1276.1215.1215.1215.1215.1215.1215.1215.1215.1215.
  81  163.980  287.500 0.937 1.000 1388.1388.1388.1388.1388.1388.1388.1388.
1388.1388. 983. 716. 510. 303. 200. 200. 200. 200. 200. 200. 200. 200. 200.
  82  163.980  282.500 0.937 1.000 1388.1388.1388.1388.1388.1388.1388.1388.
1388.1388. 983. 716. 510. 303. 200. 200. 200. 200. 200. 200. 200. 200. 200.
  83  161.982  287.500 0.992 1.000 2088.2088.2088.2088.2088.2088.2088.2088.
2088.2088.1479.1077. 766. 455. 300. 300. 300. 300. 300. 300. 300. 300. 300.
  84  161.982  282.500 0.992 1.000 1438.1438.1438.1438.1438.1438.1438.1438.
1438.1438. 948. 625. 375. 125.   0.   0.   0.   0.   0.   0.   0.   0.   0.
  85  158.939  285.000 2.136 0.650  688. 688. 688. 688. 688. 688. 688. 688.
 688. 688. 453. 299. 179.  60.   0.   0.   0.   0.   0.   0.   0.   0.   0.
  86  154.950  290.000 2.320 0.400  558. 558. 558. 558. 558. 558. 558. 558.
 558. 558. 368. 242. 145.  48.   0.   0.   0.   0.   0.   0.   0.   0.   0.
  87  157.986  292.500 1.092 1.000  888. 888. 888. 888. 888. 888. 888. 888.
 888. 888. 721. 595. 445. 294. 219. 219. 219. 219. 219. 219. 219. 219. 219.
  88  159.984  292.500 1.043 1.000 1838.1838.1838.1838.1838.1838.1838.1838.
1838.1838.1489.1225. 911. 596. 439. 439. 439. 439. 439. 439. 439. 439. 439.
  89  161.982  292.500 0.992 1.000 1938.1938.1938.1938.1938.1938.1938.1938.
1938.1938.1589.1325.1011. 696. 539. 539. 539. 539. 539. 539. 539. 539. 539.
  90  163.980  292.500 0.937 1.000 1338.1338.1338.1338.1338.1338.1338.1338.
1338.1338.1159.1023. 862. 701. 620. 620. 620. 620. 620. 620. 620. 620. 620.
  91  161.982  297.500 0.992 1.000 1738.1738.1738.1738.1738.1738.1738.1738.
1738.1738.1510.1338.1133. 928. 825. 825. 825. 825. 825. 825. 825. 825. 825.
  92  163.980  297.500 0.937 1.000 1438.1438.1438.1438.1438.1438.1438.1438.
1438.1438.1210.1038. 833. 628. 525. 525. 525. 525. 525. 525. 525. 525. 525.
  93  165.977  295.000 1.241 1.000 1588.1588.1588.1588.1588.1588.1588.1588.
1588.1588.1300.1082. 822. 562. 432. 432. 432. 432. 432. 432. 432. 432. 432.
  94  167.973  295.000 1.150 1.000 2588.2588.2588.2588.2588.2588.2588.2588.
2588.2588.2013.1634.1340.1047. 900. 900. 900. 900. 900. 900. 900. 900. 900.
  95  169.967  295.000 1.051 1.000 3038.3038.3038.3038.3038.3038.3038.3038.
3038.3038.2489.2095.1707.1319.1125.1125.1125.1125.1125.1125.1125.1125.1125.
  96  173.945  310.000 1.154 1.000 2938.2938.2938.2938.2938.2938.2938.2938.
2938.2938.2468.2112.1688.1264.1052.1052.1052.1052.1052.1052.1052.1052.1052.
  97  172.489  305.000 0.645 1.000 3638.3638.3638.3638.3638.3638.3638.3638.
3638.3638.2984.2505.2000.1495.1242.1242.1242.1242.1242.1242.1242.1242.1242.
  98  171.490  305.000 0.686 1.000 3338.3338.3338.3338.3338.3338.3338.3338.
3338.3338.2737.2298.1834.1371.1139.1139.1139.1139.1139.1139.1139.1139.1139.
  99  169.967  305.000 1.051 1.000 3138.3138.3138.3138.3138.3138.3138.3138.
3138.3138.2589.2195.1807.1419.1225.1225.1225.1225.1225.1225.1225.1225.1225.
 100  167.973  305.000 1.150 1.000 1838.1838.1838.1838.1838.1838.1838.1838.
1838.1838.1314. 968. 701. 434. 300. 300. 300. 300. 300. 300. 300. 300. 300.
 101  165.977  305.000 1.241 1.000  938. 938. 938. 938. 938. 938. 938. 938.
 938. 938. 538. 309. 185.  62.   0.   0.   0.   0.   0.   0.   0.   0.   0.
 102  162.924  305.000 1.929 0.850  638. 638. 638. 638. 638. 638. 638. 638.
 638. 638. 277. 120.  72.  24.   0.   0.   0.   0.   0.   0.   0.   0.   0.
 103  158.939  300.000 2.136 0.950 1588.1588.1588.1588.1588.1588.1588.1588.
1588.1588.1047. 690. 414. 138.   0.   0.   0.   0.   0.   0.   0.   0.   0.
 104  155.987  297.500 1.138 1.000 1618.1618.1618.1618.1618.1618.1618.1618.
1618.1618.1203. 929. 717. 506. 400. 400. 400. 400. 400. 400. 400. 400. 400.
 105  153.988  297.500 1.181 0.850  938. 938. 938. 938. 938. 938. 938. 938.
 938. 938. 618. 408. 245.  82.   0.   0.   0.   0.   0.   0.   0.   0.   0.
 106  151.989  297.500 1.222 0.250  438. 438. 438. 438. 438. 438. 438. 438.
 438. 438. 289. 190. 114.  38.   0.   0.   0.   0.   0.   0.   0.   0.   0.
 107  152.954  305.000 2.404 0.600  155. 155. 155. 155. 155. 155. 155. 155.
 155. 155. 122.  81.  48.  16.   0.   0.   0.   0.   0.   0.   0.   0.   0.
 108  155.987  302.500 1.138 0.950 1438.1438.1438.1438.1438.1438.1438.1438.
1438.1438. 948. 625. 375. 125.   0.   0.   0.   0.   0.   0.   0.   0.   0.
 109  163.980  315.000 1.325 0.550  138. 138. 138. 138. 138. 138. 138. 138.
 138. 138.  60.  26.  16.   5.   0.   0.   0.   0.   0.   0.   0.   0.   0.
 110  165.977  315.000 1.241 1.000  438. 438. 438. 438. 438. 438. 438. 438.
 438. 438. 251. 144.  86.  29.   0.   0.   0.   0.   0.   0.   0.   0.   0.
 111  167.973  315.000 1.150 1.000  938. 938. 938. 938. 938. 938. 938. 938.
 938. 938. 618. 408. 245.  82.   0.   0.   0.   0.   0.   0.   0.   0.   0.
 112  169.967  315.000 1.051 1.000 2988.2988.2988.2988.2988.2988.2988.2988.
2988.2988.2651.2410.2172.1935.1816.1816.1816.1816.1816.1816.1816.1816.1816.
 113  171.490  315.000 0.686 1.000 1788.1788.1788.1788.1788.1788.1788.1788.
1788.1788.1469.1236. 990. 743. 620. 620. 620. 620. 620. 620. 620. 620. 620.
 114  172.489  315.000 0.645 1.000 2188.2188.2188.2188.2188.2188.2188.2188.
2188.2188.1900.1682.1422.1162.1032.1032.1032.1032.1032.1032.1032.1032.1032.
 115  173.945  330.000 1.154 1.000 2138.2138.2138.2138.2138.2138.2138.2138.
2138.2138.1910.1738.1533.1328.1225.1225.1225.1225.1225.1225.1225.1225.1225.
 116  171.959  330.000 1.331 1.000 1538.1538.1538.1538.1538.1538.1538.1538.
1538.1538.1310.1138. 933. 728. 625. 625. 625. 625. 625. 625. 625. 625. 625.
 117  169.967  325.000 1.051 1.000 1438.1438.1438.1438.1438.1438.1438.1438.
1438.1438.1172. 982. 794. 606. 512. 512. 512. 512. 512. 512. 512. 512. 512.
 118  167.973  325.000 1.150 1.000  888. 888. 888. 888. 888. 888. 888. 888.
 888. 888. 653. 499. 379. 260. 200. 200. 200. 200. 200. 200. 200. 200. 200.
 119  169.967  335.000 1.051 1.000 1438.1438.1438.1438.1438.1438.1438.1438.
1438.1438.1210.1038. 833. 628. 525. 525. 525. 525. 525. 525. 525. 525. 525.
 120  167.973  335.000 1.150 1.000 1238.1238.1238.1238.1238.1238.1238.1238.
1238.1238.1010. 838. 633. 428. 325. 325. 325. 325. 325. 325. 325. 325. 325.
 121  164.913  330.000 2.567 0.600  188. 188. 188. 188. 188. 188. 188. 188.
 188. 188. 108.  62.  37.  12.   0.   0.   0.   0.   0.   0.   0.   0.   0.
 122  162.385  350.000 3.094 0.650  938. 938. 938. 938. 938. 938. 938. 938.
 938. 938. 857. 803. 762. 721. 700. 700. 700. 700. 700. 700. 700. 700. 700.
 123  166.899  350.000 2.393 1.000 2188.2188.2188.2188.2188.2188.2188.2188.
2188.2188.2094.2023.1938.1853.1810.1810.1810.1810.1810.1810.1810.1810.1810.
 124  170.422  350.000 1.775 1.000 2438.2438.2438.2438.2438.2438.2438.2438.
2438.2438.2235.2081.1898.1715.1623.1623.1623.1623.1623.1623.1623.1623.1623.
 125  173.385  350.000 1.470 1.000 2938.2938.2938.2938.2938.2938.2938.2938.
2938.2938.2710.2538.2333.2128.2025.2025.2025.2025.2025.2025.2025.2025.2025.
 126  172.224   15.000 2.496 1.000 3438.3438.3438.3438.3438.3438.3438.3438.
3438.3438.3235.3081.2898.2715.2623.2623.2623.2623.2623.2623.2623.2623.2623.
 127  167.336   15.000 3.215 1.000 3188.3188.3188.3188.3188.3188.3188.3188.
3188.3188.3142.3108.3067.3026.3005.3005.3005.3005.3005.3005.3005.3005.3005.
 128  162.385    7.500 2.679 1.000 1238.1238.1238.1238.1238.1238.1238.1238.
1238.1238.1229.1222.1214.1205.1201.1201.1201.1201.1201.1201.1201.1201.1201.
 129  162.385   22.500 2.679 0.950 1938.1938.1938.1938.1938.1938.1938.1938.
1938.1938.1856.1794.1720.1646.1609.1609.1609.1609.1609.1609.1609.1609.1609.
 130  159.936   35.000 2.087 0.800 1538.1538.1538.1538.1538.1538.1538.1538.
1538.1538.1389.1290.1214.1138.1100.1100.1100.1100.1100.1100.1100.1100.1100.
 131  163.919   37.500 2.294 1.000 2988.2988.2988.2988.2988.2988.2988.2988.
2988.2988.2942.2908.2867.2826.2805.2805.2805.2805.2805.2805.2805.2805.2805.
 132  167.891   37.500 1.993 1.000 2938.2938.2938.2938.2938.2938.2938.2938.
2938.2938.2880.2836.2784.2732.2706.2706.2706.2706.2706.2706.2706.2706.2706.
 135  172.224   45.000 2.496 1.000 2838.2838.2838.2838.2838.2838.2838.2838.
2838.2838.2804.2779.2749.2719.2704.2704.2704.2704.2704.2704.2704.2704.2704.
 136  167.891   52.500 1.993 1.000 3338.3338.3338.3338.3338.3338.3338.3338.
3338.3338.3232.3151.3055.2960.2912.2912.2912.2912.2912.2912.2912.2912.2912.
 137  163.919   52.500 2.294 1.000 3038.3038.3038.3038.3038.3038.3038.3038.
3038.3038.2889.2790.2714.2638.2600.2600.2600.2600.2600.2600.2600.2600.2600.
 138  160.463   45.000 1.785 1.000 1388.1388.1388.1388.1388.1388.1388.1388.
1388.1388.1342.1308.1267.1226.1205.1205.1205.1205.1205.1205.1205.1205.1205.
 139  156.945   45.000 2.230 0.450  108. 108. 108. 108. 108. 108. 108. 108.
 108. 108.  71.  47.  28.   9.   0.   0.   0.   0.   0.   0.   0.   0.   0.
 140  160.463   55.000 1.785 1.000 2238.2238.2238.2238.2238.2238.2238.2238.
2238.2238.2089.1990.1914.1838.1800.1800.1800.1800.1800.1800.1800.1800.1800.
 141  156.945   55.000 2.230 0.750 2038.2038.2038.2038.2038.2038.2038.2038.
2038.2038.1835.1681.1498.1315.1223.1223.1223.1223.1223.1223.1223.1223.1223.
 142  157.942   65.000 2.184 0.750 2138.2138.2138.2138.2138.2138.2138.2138.
2138.2138.1910.1738.1533.1328.1225.1225.1225.1225.1225.1225.1225.1225.1225.
 143  161.223   65.000 1.599 1.000 2138.2138.2138.2138.2138.2138.2138.2138.
2138.2138.2032.1951.1855.1760.1712.1712.1712.1712.1712.1712.1712.1712.1712.
 144  163.719   65.000 1.492 1.000 3038.3038.3038.3038.3038.3038.3038.3038.
3038.3038.2907.2809.2691.2574.2515.2515.2515.2515.2515.2515.2515.2515.2515.
 145  167.336   75.000 3.215 1.000 3638.3638.3638.3638.3638.3638.3638.3638.
3638.3638.3483.3366.3226.3087.3017.3017.3017.3017.3017.3017.3017.3017.3017.
 146  172.224   75.000 2.496 1.000 3588.3588.3588.3588.3588.3588.3588.3588.
3588.3588.3421.3295.3145.2994.2919.2919.2919.2919.2919.2919.2919.2919.2919.
 147  163.719   75.000 1.492 1.000 2738.2738.2738.2738.2738.2738.2738.2738.
2738.2738.2644.2587.2552.2517.2500.2500.2500.2500.2500.2500.2500.2500.2500.
 148  161.223   75.000 1.599 1.000 1438.1438.1438.1438.1438.1438.1438.1438.
1438.1438.1289.1190.1114.1038.1000.1000.1000.1000.1000.1000.1000.1000.1000.
 149  157.942   75.000 2.184 0.750  438. 438. 438. 438. 438. 438. 438. 438.
 438. 438. 332. 251. 155.  60.  12.  12.  12.  12.  12.  12.  12.  12.  12.
 150  156.945   85.000 2.230 0.750 1038.1038.1038.1038.1038.1038.1038.1038.
1038.1038. 980. 936. 884. 832. 806. 806. 806. 806. 806. 806. 806. 806. 806.
 151  160.463   85.000 1.785 1.000 2238.2238.2238.2238.2238.2238.2238.2238.
2238.2238.2089.1990.1914.1838.1800.1800.1800.1800.1800.1800.1800.1800.1800.
 152  163.456   85.000 1.647 1.000 2738.2738.2738.2738.2738.2738.2738.2738.
2738.2738.2704.2679.2649.2619.2604.2604.2604.2604.2604.2604.2604.2604.2604.
 153  155.948   95.000 2.276 0.800  788. 788. 788. 788. 788. 788. 788. 788.
 788. 788. 742. 708. 667. 626. 605. 605. 605. 605. 605. 605. 605. 605. 605.
 154  159.936   95.000 2.087 1.000 2788.2788.2788.2788.2788.2788.2788.2788.
2788.2788.2742.2708.2667.2626.2605.2605.2605.2605.2605.2605.2605.2605.2605.
 133  163.919   98.750 2.478 1.000 3338.3338.3338.3338.3338.3338.3338.3338.
3338.3338.3207.3109.2991.2874.2815.2815.2815.2815.2815.2815.2815.2815.2815.
 134  167.891   98.750 2.152 1.000 2988.2988.2988.2988.2988.2988.2988.2988.
2988.2988.2942.2908.2867.2826.2805.2805.2805.2805.2805.2805.2805.2805.2805.
 155  172.224  107.500 2.696 1.000 3238.3238.3238.3238.3238.3238.3238.3238.
3238.3238.3132.3051.2955.2860.2812.2812.2812.2812.2812.2812.2812.2812.2812.
 156  167.891  116.250 2.152 1.000 3638.3638.3638.3638.3638.3638.3638.3638.
3638.3638.3532.3451.3355.3260.3212.3212.3212.3212.3212.3212.3212.3212.3212.
 157  163.919  116.250 2.478 1.000 2588.2588.2588.2588.2588.2588.2588.2588.
2588.2588.2494.2423.2338.2253.2210.2210.2210.2210.2210.2210.2210.2210.2210.
 158  159.936  105.000 2.087 1.000 3694.3694.3694.3694.3694.3694.3694.3694.
3694.3694.3535.3415.3273.3228.3219.3219.3219.3219.3219.3219.3219.3219.3219.
 159  155.948  105.000 2.276 0.700 1999.1999.1999.1999.1999.1999.1999.1999.
1999.1999.1922.1825.1739.1664.1600.1600.1600.1600.1600.1600.1600.1600.1600.
 160  155.948  115.000 2.276 0.500 1654.1654.1654.1654.1654.1654.1654.1654.
1654.1654.1638.1590.1514.1438.1400.1400.1400.1400.1400.1400.1400.1400.1400.
 161  159.936  117.500 2.556 1.000 3314.3314.3314.3314.3314.3314.3314.3314.
3314.3314.3155.3131.3045.2894.2819.2819.2819.2819.2819.2819.2819.2819.2819.
 162  155.948  125.000 2.276 0.600  338. 338. 338. 338. 338. 338. 338. 338.
 338. 338. 325. 316. 310. 303. 300. 300. 300. 300. 300. 300. 300. 300. 300.
 163  155.948  135.000 2.276 0.650  610. 610. 610. 610. 610. 610. 610. 610.
 610. 610. 607. 604. 602. 601. 600. 600. 600. 600. 600. 600. 600. 600. 600.
 164  159.936  132.500 2.556 1.000 2610.2610.2610.2610.2610.2610.2610.2610.
2610.2610.2608.2606.2604.2601.2600.2600.2600.2600.2600.2600.2600.2600.2600.
 165  163.919  133.750 2.478 1.000 2968.2968.2968.2968.2968.2968.2968.2968.
2968.2968.2927.2896.2860.2823.2805.2805.2805.2805.2805.2805.2805.2805.2805.
 166  167.891  133.750 2.152 1.000 3618.3618.3618.3618.3618.3618.3618.3618.
3618.3618.3516.3440.3348.3257.3211.3211.3211.3211.3211.3211.3211.3211.3211.
 167  172.224  142.500 2.696 1.000 1838.1838.1838.1838.1838.1838.1838.1838.
1838.1838.1683.1566.1426.1287.1217.1217.1217.1217.1217.1217.1217.1217.1217.
 168  167.891  151.250 2.152 1.000 1841.1841.1841.1841.1841.1841.1841.1841.
1841.1841.1740.1663.1572.1544.1512.1512.1512.1512.1512.1512.1512.1512.1512.
 169  163.919  151.250 2.478 1.000 2138.2138.2138.2138.2138.2138.2138.2138.
2138.2138.2129.2122.2114.2105.2101.2101.2101.2101.2101.2101.2101.2101.2101.
 170  160.463  145.000 1.785 1.000 3188.3188.3188.3188.3188.3188.3188.3188.
3188.3188.3142.3108.3067.3026.3005.3005.3005.3005.3005.3005.3005.3005.3005.
 171  156.945  145.000 2.230 0.750  788. 788. 788. 788. 788. 788. 788. 788.
 788. 788. 724. 682. 649. 616. 600. 600. 600. 600. 600. 600. 600. 600. 600.
 172  156.945  155.000 2.230 0.300  438. 438. 438. 438. 438. 438. 438. 438.
 438. 438. 289. 190. 114.  38.   0.   0.   0.   0.   0.   0.   0.   0.   0.
 173  160.463  155.000 1.785 0.980 2368.2368.2368.2368.2368.2368.2368.2368.
2368.2368.2279.2211.2131.2050.2010.2010.2010.2010.2010.2010.2010.2010.2010.
 174  180.000    0.000 5.000 1.000 3838.3838.3838.3838.3838.3838.3838.3838.
3838.3838.3586.3395.3168.2941.2828.2828.2828.2828.2828.2828.2828.2828.2828.
