ice3g_sib.dat 
Siberia
Authors: Tushingham and Peltier, JGR, 1991. 
35   number of elements 
20   header lines 
2    lines for each element 
18   time since the LGM (kyrs)
1    lenght of each time step 
---------------
For each ice element, the data are presented in two lines, with the following meaning: 
a label, colatitude and longitude of the disc center (deg), half-amplitude of the disc 
element (deg), a dummy variable, and disc element thickness (m). The first value is 
thickness before the beginning of deglaciation (i.e. from -infinity to 18 kyrs BP), 
the 18 elements that follow are ice thickness at 1 kyrs intervals up to present time, 
and the last three elements are thicknesses during the future 3 kyrs (not used in the 
computations). File SH3.F of SELEN reads this file and indicates with h_0 ice thickness 
before melting begins, h_1 between 18 and 17 kyrs BP, ..., and with h_18 ice thickness 
between 1 and 0 kyrs BP. With h_19=h_18 SELEN denotes the ice (constant) thickness in 
the future. GS July 28 2007.  
---------------
  54   12.972  156.000 0.631 1.000  920. 460. 230.   0.   0.   0.   0.   0.
   0.   0.   0.   0.   0.   0.   0.   0.   0.   0.   0.   0.   0.   0.   0.
  55   12.972  161.000 0.631 1.000 1150. 575. 287.   0.   0.   0.   0.   0.
   0.   0.   0.   0.   0.   0.   0.   0.   0.   0.   0.   0.   0.   0.   0.
  56   12.972  166.000 0.631 1.000 1150. 575. 287.   0.   0.   0.   0.   0.
   0.   0.   0.   0.   0.   0.   0.   0.   0.   0.   0.   0.   0.   0.   0.
  57   14.140  137.000 0.684 1.000  920. 460. 230.   0.   0.   0.   0.   0.
   0.   0.   0.   0.   0.   0.   0.   0.   0.   0.   0.   0.   0.   0.   0.
  58   14.140  142.000 0.684 1.000 1380. 690. 345.  58.   0.   0.   0.   0.
   0.   0.   0.   0.   0.   0.   0.   0.   0.   0.   0.   0.   0.   0.   0.
  59   14.140  147.000 0.684 1.000 1380. 690. 345.  58.   0.   0.   0.   0.
   0.   0.   0.   0.   0.   0.   0.   0.   0.   0.   0.   0.   0.   0.   0.
  60   14.140  152.000 0.684 1.000 1610. 805. 402. 115.   0.   0.   0.   0.
   0.   0.   0.   0.   0.   0.   0.   0.   0.   0.   0.   0.   0.   0.   0.
  61   14.140  157.000 0.684 1.000 1380. 690. 345.  58.   0.   0.   0.   0.
   0.   0.   0.   0.   0.   0.   0.   0.   0.   0.   0.   0.   0.   0.   0.
  62   14.140  162.000 0.684 1.000 1380. 690. 345.  58.   0.   0.   0.   0.
   0.   0.   0.   0.   0.   0.   0.   0.   0.   0.   0.   0.   0.   0.   0.
  63   14.140  167.000 0.684 1.000 1150. 575. 287.   0.   0.   0.   0.   0.
   0.   0.   0.   0.   0.   0.   0.   0.   0.   0.   0.   0.   0.   0.   0.
  64   14.140  172.000 0.684 1.000 1150. 575. 287.   0.   0.   0.   0.   0.
   0.   0.   0.   0.   0.   0.   0.   0.   0.   0.   0.   0.   0.   0.   0.
  65   14.140  177.000 0.684 1.000 1150. 575. 287.   0.   0.   0.   0.   0.
   0.   0.   0.   0.   0.   0.   0.   0.   0.   0.   0.   0.   0.   0.   0.
  66   14.140  182.000 0.684 1.000  920. 460. 230.   0.   0.   0.   0.   0.
   0.   0.   0.   0.   0.   0.   0.   0.   0.   0.   0.   0.   0.   0.   0.
  67   14.140  187.000 0.684 1.000  920. 460. 230.   0.   0.   0.   0.   0.
   0.   0.   0.   0.   0.   0.   0.   0.   0.   0.   0.   0.   0.   0.   0.
  68   15.405  133.000 0.740 1.000 1380. 690. 345.  58.   0.   0.   0.   0.
   0.   0.   0.   0.   0.   0.   0.   0.   0.   0.   0.   0.   0.   0.   0.
  69   15.405  138.000 0.740 1.000 1610. 805. 402. 115.   0.   0.   0.   0.
   0.   0.   0.   0.   0.   0.   0.   0.   0.   0.   0.   0.   0.   0.   0.
  70   15.405  143.000 0.740 1.000 1840. 920. 460. 173.   0.   0.   0.   0.
   0.   0.   0.   0.   0.   0.   0.   0.   0.   0.   0.   0.   0.   0.   0.
  71   15.405  148.000 0.740 1.000 1840. 920. 460. 173.   0.   0.   0.   0.
   0.   0.   0.   0.   0.   0.   0.   0.   0.   0.   0.   0.   0.   0.   0.
  72   15.405  153.000 0.740 1.000 1840. 920. 460. 173.   0.   0.   0.   0.
   0.   0.   0.   0.   0.   0.   0.   0.   0.   0.   0.   0.   0.   0.   0.
  73   15.405  158.000 0.740 1.000 1840. 920. 460. 173.   0.   0.   0.   0.
   0.   0.   0.   0.   0.   0.   0.   0.   0.   0.   0.   0.   0.   0.   0.
  74   15.405  163.000 0.740 1.000 1840. 920. 460. 173.   0.   0.   0.   0.
   0.   0.   0.   0.   0.   0.   0.   0.   0.   0.   0.   0.   0.   0.   0.
  75   15.405  168.000 0.740 1.000 2070.1035. 517. 230.   0.   0.   0.   0.
   0.   0.   0.   0.   0.   0.   0.   0.   0.   0.   0.   0.   0.   0.   0.
  76   15.405  173.000 0.740 1.000 2070.1035. 517. 230.   0.   0.   0.   0.
   0.   0.   0.   0.   0.   0.   0.   0.   0.   0.   0.   0.   0.   0.   0.
  77   15.405  178.000 0.740 1.000 1840. 920. 460. 173.   0.   0.   0.   0.
   0.   0.   0.   0.   0.   0.   0.   0.   0.   0.   0.   0.   0.   0.   0.
  78   15.405  183.000 0.740 1.000 1610. 805. 402. 115.   0.   0.   0.   0.
   0.   0.   0.   0.   0.   0.   0.   0.   0.   0.   0.   0.   0.   0.   0.
  79   15.405  188.000 0.740 1.000 1150. 575. 287.   0.   0.   0.   0.   0.
   0.   0.   0.   0.   0.   0.   0.   0.   0.   0.   0.   0.   0.   0.   0.
  80   16.849  151.000 0.818 1.000  920. 460. 230.   0.   0.   0.   0.   0.
   0.   0.   0.   0.   0.   0.   0.   0.   0.   0.   0.   0.   0.   0.   0.
  81   16.849  156.000 0.818 1.000 1380. 690. 345.  58.   0.   0.   0.   0.
   0.   0.   0.   0.   0.   0.   0.   0.   0.   0.   0.   0.   0.   0.   0.
  82   16.849  161.000 0.818 1.000 1840. 920. 460. 173.   0.   0.   0.   0.
   0.   0.   0.   0.   0.   0.   0.   0.   0.   0.   0.   0.   0.   0.   0.
  83   16.849  166.000 0.818 1.000 1840. 920. 460. 173.   0.   0.   0.   0.
   0.   0.   0.   0.   0.   0.   0.   0.   0.   0.   0.   0.   0.   0.   0.
  84   16.849  171.000 0.818 1.000 1840. 920. 460. 173.   0.   0.   0.   0.
   0.   0.   0.   0.   0.   0.   0.   0.   0.   0.   0.   0.   0.   0.   0.
  85   16.849  176.000 0.818 1.000 1840. 920. 460. 173.   0.   0.   0.   0.
   0.   0.   0.   0.   0.   0.   0.   0.   0.   0.   0.   0.   0.   0.   0.
  86   16.849  181.000 0.818 1.000 1840. 920. 460. 173.   0.   0.   0.   0.
   0.   0.   0.   0.   0.   0.   0.   0.   0.   0.   0.   0.   0.   0.   0.
  87   16.849  186.000 0.818 1.000 1380. 690. 345.  58.   0.   0.   0.   0.
   0.   0.   0.   0.   0.   0.   0.   0.   0.   0.   0.   0.   0.   0.   0.
  88   16.849  191.000 0.818 1.000 1150. 575. 287.   0.   0.   0.   0.   0.
   0.   0.   0.   0.   0.   0.   0.   0.   0.   0.   0.   0.   0.   0.   0.
