ice3g_bal.dat 
Baltic Region 
Authors: Tushingham and Peltier, JGR, 1991 
20   number of elements 
20   header lines 
2    lines for each element 
18   time since the LGM (kyrs)
1    lenght of each time step 
---------------
For each ice element, the data are presented in two lines, with the following meaning: 
a label, colatitude and longitude of the disc center (deg), half-amplitude of the disc 
element (deg), a dummy variable, and disc element thickness (m). The first value is 
thickness before the beginning of deglaciation (i.e. from -infinity to 18 kyrs BP), 
the 18 elements that follow are ice thickness at 1 kyrs intervals up to present time, 
and the last three elements are thicknesses during the future 3 kyrs (not used in the 
computations). File SH3.F of SELEN reads this file and indicates with h_0 ice thickness 
before melting begins, h_1 between 18 and 17 kyrs BP, ..., and with h_18 ice thickness 
between 1 and 0 kyrs BP. With h_19=h_18 SELEN denotes the ice (constant) thickness in 
the future. GS July 28 2007.  
---------------
   1   19.660   21.000 0.463 1.000  778. 624. 368. 121.   0.   0.   0.   0.
   0.   0.   0.   0.   0.   0.   0.   0.   0.   0.   0.   0.   0.   0.   0.
  61   19.660   23.000 0.463 1.000 1328.1319.1300.1273.1237.1132. 750. 242.
   0.   0.   0.   0.   0.   0.   0.   0.   0.   0.   0.   0.   0.   0.   0.
  62   20.295   21.000 0.493 1.000  735. 706. 696. 680. 657. 584. 495. 229.
   0.   0.   0.   0.   0.   0.   0.   0.   0.   0.   0.   0.   0.   0.   0.
  63   20.295   23.000 0.493 1.000 1365.1350.1329.1298.1257.1139. 844. 272.
   0.   0.   0.   0.   0.   0.   0.   0.   0.   0.   0.   0.   0.   0.   0.
   2   20.000   27.000 0.965 1.000 1394.1370.1387.1389.1323. 917. 468. 234.
   0.   0.   0.   0.   0.   0.   0.   0.   0.   0.   0.   0.   0.   0.   0.
   3   20.000   32.000 0.965 1.000  825. 791. 757. 724. 690. 345.   0.   0.
   0.   0.   0.   0.   0.   0.   0.   0.   0.   0.   0.   0.   0.   0.   0.
  41   20.700   19.300 0.400 1.000  200. 200. 190. 160. 120.   0.   0.   0.
   0.   0.   0.   0.   0.   0.   0.   0.   0.   0.   0.   0.   0.   0.   0.
   4   21.426   16.000 0.500 1.000 1463.1443.1441.1416.1022. 823. 472. 285.
   0.   0.   0.   0.   0.   0.   0.   0.   0.   0.   0.   0.   0.   0.   0.
  55   21.426   18.000 0.500 1.000 1489.1470.1467.1443.1042. 839. 481. 290.
   0.   0.   0.   0.   0.   0.   0.   0.   0.   0.   0.   0.   0.   0.   0.
  56   22.170   16.000 0.540 1.000 1512.1492.1489.1465. 984. 791. 456. 274.
   0.   0.   0.   0.   0.   0.   0.   0.   0.   0.   0.   0.   0.   0.   0.
  57   22.170   18.000 0.540 1.000 1618.1596.1593.1568.1052. 847. 488. 292.
   0.   0.   0.   0.   0.   0.   0.   0.   0.   0.   0.   0.   0.   0.   0.
   5   21.783   22.000 1.047 1.000 1735.1717.1720.1696.1344.1182. 712. 391.
 187.  52.   0.   0.   0.   0.   0.   0.   0.   0.   0.   0.   0.   0.   0.
   6   21.783   27.000 1.047 1.000 1757.1727.1697.1667.1637.1312. 988. 702.
 415. 208.   0.   0.   0.   0.   0.   0.   0.   0.   0.   0.   0.   0.   0.
   7   21.783   32.000 1.047 1.000 1072.1038.1005. 972. 939. 734. 528. 299.
  68.  34.   0.   0.   0.   0.   0.   0.   0.   0.   0.   0.   0.   0.   0.
   8   21.783   37.000 1.047 1.000  896. 826. 754. 662. 495. 364. 222.   0.
   0.   0.   0.   0.   0.   0.   0.   0.   0.   0.   0.   0.   0.   0.   0.
   9   23.716   15.000 1.135 1.000 1390.1383.1380.1227.1137.1001. 741. 668.
 495. 248.   0.   0.   0.   0.   0.   0.   0.   0.   0.   0.   0.   0.   0.
  10   23.716   20.000 1.135 1.000 1771.1730.1690.1650.1610.1432.1254.1129.
1003. 502. 180.   0.   0.   0.   0.   0.   0.   0.   0.   0.   0.   0.   0.
  11   23.716   25.000 1.135 1.000 1961.1935.1910.1884.1858.1647.1436.1248.
1059. 529. 190.   0.   0.   0.   0.   0.   0.   0.   0.   0.   0.   0.   0.
  12   23.716   30.000 1.135 1.000 1905.1859.1812.1765.1719.1514.1310. 794.
 279. 139.   0.   0.   0.   0.   0.   0.   0.   0.   0.   0.   0.   0.   0.
  13   23.716   35.000 1.135 1.000 1490.1447.1405.1362.1321.1301.1282. 641.
   0.   0.   0.   0.   0.   0.   0.   0.   0.   0.   0.   0.   0.   0.   0.
  14   23.716   40.000 1.135 1.000  836. 794. 752. 710. 669. 473. 279. 140.
   0.   0.   0.   0.   0.   0.   0.   0.   0.   0.   0.   0.   0.   0.   0.
  16   25.810   13.000 1.228 1.000 1295.1272.1192.1116. 922. 907. 481.   0.
   0.   0.   0.   0.   0.   0.   0.   0.   0.   0.   0.   0.   0.   0.   0.
  17   25.810   18.000 1.228 1.000 1847.1819.1791.1762.1734.1527.1321.1119.
 918. 459.   0.   0.   0.   0.   0.   0.   0.   0.   0.   0.   0.   0.   0.
  18   25.810   23.000 1.228 1.000 1981.1952.1925.1896.1869.1687.1504.1279.
1054. 526.   0.   0.   0.   0.   0.   0.   0.   0.   0.   0.   0.   0.   0.
  19   25.810   28.000 1.228 1.000 2188.2144.2100.2056.2013.1805.1598.1132.
 666. 333.   0.   0.   0.   0.   0.   0.   0.   0.   0.   0.   0.   0.   0.
  20   25.810   33.000 1.228 1.000 1895.1834.1773.1712.1651.1570.1490. 808.
 126.  63.   0.   0.   0.   0.   0.   0.   0.   0.   0.   0.   0.   0.   0.
  21   25.810   38.000 1.228 1.000 1256.1200.1144.1089.1033. 902. 772. 386.
 150.   0.   0.   0.   0.   0.   0.   0.   0.   0.   0.   0.   0.   0.   0.
  40   26.600   10.400 0.600 1.000 1142.1114.1036. 885. 725. 637. 336.   0.
   0.   0.   0.   0.   0.   0.   0.   0.   0.   0.   0.   0.   0.   0.   0.
  23   27.622    7.000 0.644 1.000  300. 277. 257. 138.   0.   0.   0.   0.
   0.   0.   0.   0.   0.   0.   0.   0.   0.   0.   0.   0.   0.   0.   0.
  58   27.622    9.000 0.644 1.000 1046. 967. 891. 746. 675. 520. 364. 271.
 181.   0.   0.   0.   0.   0.   0.   0.   0.   0.   0.   0.   0.   0.   0.
  59   28.564    7.000 0.670 1.000 1646.1523.1403.1174.1065. 820. 451. 428.
 367. 183.   0.   0.   0.   0.   0.   0.   0.   0.   0.   0.   0.   0.   0.
  60   28.564    9.000 0.670 1.000 1770.1638.1509.1262.1145. 882. 485. 460.
 395. 197.   0.   0.   0.   0.   0.   0.   0.   0.   0.   0.   0.   0.   0.
  24   28.075   13.000 1.328 1.000 2158.2105.2054.2003.1952.1757.1504.1205.
 905. 452.   0.   0.   0.   0.   0.   0.   0.   0.   0.   0.   0.   0.   0.
  25   28.075   18.000 1.328 1.000 1854.1815.1775.1736.1697.1521.1345. 946.
 547. 274.   0.   0.   0.   0.   0.   0.   0.   0.   0.   0.   0.   0.   0.
  26   28.075   23.000 1.328 1.000 1552.1451.1139.1119.1033. 806. 708. 230.
 133.  67.   0.   0.   0.   0.   0.   0.   0.   0.   0.   0.   0.   0.   0.
  27   28.075   28.000 1.328 1.000 1423.1397.1370.1342.1316.1050. 785. 494.
 203. 102.   0.   0.   0.   0.   0.   0.   0.   0.   0.   0.   0.   0.   0.
  28   28.075   33.000 1.328 1.000 1382.1292.1202.1110.1019. 847. 675. 363.
  79.   0.   0.   0.   0.   0.   0.   0.   0.   0.   0.   0.   0.   0.   0.
  29   28.075   38.000 1.328 1.000  784. 709. 633. 558. 483. 427. 371. 186.
   0.   0.   0.   0.   0.   0.   0.   0.   0.   0.   0.   0.   0.   0.   0.
  31   29.800    9.250 0.700 1.000 1701.1565.1313.1189.1069. 741. 457. 232.
   0.   0.   0.   0.   0.   0.   0.   0.   0.   0.   0.   0.   0.   0.   0.
  53   29.800    6.750 0.700 1.000 1697.1561.1309.1185.1066. 740. 447. 244.
   0.   0.   0.   0.   0.   0.   0.   0.   0.   0.   0.   0.   0.   0.   0.
  54   31.200    9.250 0.680 1.000  437. 358. 224. 170.   0.   0.   0.   0.
   0.   0.   0.   0.   0.   0.   0.   0.   0.   0.   0.   0.   0.   0.   0.
  32   30.521   13.000 1.433 1.000 2031.2027.1960.1936.1278. 996. 806. 501.
 241.  62.   0.   0.   0.   0.   0.   0.   0.   0.   0.   0.   0.   0.   0.
  33   30.521   18.000 1.433 1.000 1141.1106.1073.1039.1005. 898. 790. 462.
 134.  67.   0.   0.   0.   0.   0.   0.   0.   0.   0.   0.   0.   0.   0.
  34   30.521   23.000 1.433 1.000  599. 583. 538. 520. 377. 242. 208.   0.
   0.   0.   0.   0.   0.   0.   0.   0.   0.   0.   0.   0.   0.   0.   0.
  35   30.521   28.000 1.433 1.000  186. 182. 178.  74.   0.   0.   0.   0.
   0.   0.   0.   0.   0.   0.   0.   0.   0.   0.   0.   0.   0.   0.   0.
  36   33.000    9.800 0.800 1.000  187. 167. 146. 124.  64.   0.   0.   0.
   0.   0.   0.   0.   0.   0.   0.   0.   0.   0.   0.   0.   0.   0.   0.
  37   32.300   13.500 0.850 1.000  258. 241. 224. 208. 191.   0.   0.   0.
   0.   0.   0.   0.   0.   0.   0.   0.   0.   0.   0.   0.   0.   0.   0.
  38   33.158   20.000 1.543 1.000  300. 253. 211. 171.   0.   0.   0.   0.
   0.   0.   0.   0.   0.   0.   0.   0.   0.   0.   0.   0.   0.   0.   0.
  39   33.158   25.000 1.543 1.000  200. 180. 160.  71.   0.   0.   0.   0.
   0.   0.   0.   0.   0.   0.   0.   0.   0.   0.   0.   0.   0.   0.   0.
