ice3g_bar.dat 
Region of the Barents Sea 
Authors: Tushingham and Peltier, JGR, 1991. 
173  number of elements 
20   header lines 
2    lines for each element 
18   time since the LGM (kyrs)
1    lenght of each time step 
---------------
For each ice element, the data are presented in two lines, with the following meaning: 
a label, colatitude and longitude of the disc center (deg), half-amplitude of the disc 
element (deg), a dummy variable, and disc element thickness (m). The first value is 
thickness before the beginning of deglaciation (i.e. from -infinity to 18 kyrs BP), 
the 18 elements that follow are ice thickness at 1 kyrs intervals up to present time, 
and the last three elements are thicknesses during the future 3 kyrs (not used in the 
computations). File SH3.F of SELEN reads this file and indicates with h_0 ice thickness 
before melting begins, h_1 between 18 and 17 kyrs BP, ..., and with h_18 ice thickness 
between 1 and 0 kyrs BP. With h_19=h_18 SELEN denotes the ice (constant) thickness in 
the future. GS July 28 2007.  
---------------
  43   20.000   42.000 0.965 1.000  500. 478. 456. 435. 343. 234.   0.   0.
   0.   0.   0.   0.   0.   0.   0.   0.   0.   0.   0.   0.   0.   0.   0.
  44   20.000   47.000 0.965 1.000  454. 430. 405. 380. 356. 265.   0.   0.
   0.   0.   0.   0.   0.   0.   0.   0.   0.   0.   0.   0.   0.   0.   0.
  45   21.783   42.000 1.047 1.000  586. 541. 494. 435. 326. 241. 146.   0.
   0.   0.   0.   0.   0.   0.   0.   0.   0.   0.   0.   0.   0.   0.   0.
  46   21.783   47.000 0.965 1.000  407. 386. 364. 342. 320. 283. 244.   0.
   0.   0.   0.   0.   0.   0.   0.   0.   0.   0.   0.   0.   0.   0.   0.
  47   21.783   52.000 1.047 1.000  401. 299. 202.  97.   0.   0.   0.   0.
   0.   0.   0.   0.   0.   0.   0.   0.   0.   0.   0.   0.   0.   0.   0.
  48   21.783   57.000 1.047 1.000  401. 299. 202.  97.   0.   0.   0.   0.
   0.   0.   0.   0.   0.   0.   0.   0.   0.   0.   0.   0.   0.   0.   0.
  15   23.716   45.000 1.135 1.000  400. 299. 202.  97.   0.   0.   0.   0.
   0.   0.   0.   0.   0.   0.   0.   0.   0.   0.   0.   0.   0.   0.   0.
  49   23.716   50.000 1.135 1.000  401. 299. 202.  97.   0.   0.   0.   0.
   0.   0.   0.   0.   0.   0.   0.   0.   0.   0.   0.   0.   0.   0.   0.
  50   23.716   55.000 1.135 1.000  401. 299. 202.  97.   0.   0.   0.   0.
   0.   0.   0.   0.   0.   0.   0.   0.   0.   0.   0.   0.   0.   0.   0.
  22   25.810   43.000 1.228 1.000  455. 416. 378. 340. 302. 214. 126.  63.
   0.   0.   0.   0.   0.   0.   0.   0.   0.   0.   0.   0.   0.   0.   0.
  51   25.810   48.000 1.228 1.000  111.  83.  56.  27.   0.   0.   0.   0.
   0.   0.   0.   0.   0.   0.   0.   0.   0.   0.   0.   0.   0.   0.   0.
  52   25.810   53.000 1.228 1.000  111.  83.  56.  27.   0.   0.   0.   0.
   0.   0.   0.   0.   0.   0.   0.   0.   0.   0.   0.   0.   0.   0.   0.
  30   28.075   43.000 1.328 1.000  217. 197. 178. 158.  70.   0.   0.   0.
   0.   0.   0.   0.   0.   0.   0.   0.   0.   0.   0.   0.   0.   0.   0.
   9    7.939   53.000 0.390 1.000 1247.1247.1047. 687. 251.   0.   0.   0.
   0.   0.   0.   0.   0.   0.   0.   0.   0.   0.   0.   0.   0.   0.   0.
  10    7.939   58.000 0.390 1.000 1247.1247.1047. 687. 251.   0.   0.   0.
   0.   0.   0.   0.   0.   0.   0.   0.   0.   0.   0.   0.   0.   0.   0.
  11    7.939   63.000 0.390 1.000 1247.1247.1047. 687. 251.   0.   0.   0.
   0.   0.   0.   0.   0.   0.   0.   0.   0.   0.   0.   0.   0.   0.   0.
  12    8.700   48.000 0.427 1.000 1247.1247.1047. 687. 251.   0.   0.   0.
   0.   0.   0.   0.   0.   0.   0.   0.   0.   0.   0.   0.   0.   0.   0.
  13    8.700   53.000 0.427 1.000 1247.1247.1047. 687. 251.   0.   0.   0.
   0.   0.   0.   0.   0.   0.   0.   0.   0.   0.   0.   0.   0.   0.   0.
   1    8.700   58.000 0.427 1.000 1322.1322.1322.1140. 955. 886. 843. 658.
 551. 384. 326. 218. 130.  55.  55.  55.  50.  50.  50.  50.  50.  50.  50.
   2    8.700   63.000 0.427 1.000 1308.1308.1308.1017. 793. 529. 319. 248.
 199. 106.   0.   0.   0.   0.   0.   0.   0.   0.   0.   0.   0.   0.   0.
   3    9.490   48.000 0.465 1.000 1843.1843.1843.1586.1325.1226.1035. 885.
 772. 602. 480. 341. 190.  57.  53.  53.  50.  50.  50.  50.  50.  50.  50.
   4    9.490   53.000 0.465 1.000 1889.1889.1889.1542.1344.1233.1026. 898.
 801. 641. 281.   0.   0.   0.   0.   0.   0.   0.   0.   0.   0.   0.   0.
   5    9.490   58.000 0.465 1.000 1748.1748.1748.1498.1243.1142. 995. 829.
 721. 547. 444. 312. 162.   0.   0.   0.   0.   0.   0.   0.   0.   0.   0.
   6    9.490   63.000 0.465 1.000 1691.1691.1691.1530.1375.1063. 869. 650.
 484. 376. 188.   0.   0.   0.   0.   0.   0.   0.   0.   0.   0.   0.   0.
   7   10.267   58.000 0.503 1.000 1642.1642.1379. 903. 331.   0.   0.   0.
   0.   0.   0.   0.   0.   0.   0.   0.   0.   0.   0.   0.   0.   0.   0.
   8   10.267   63.000 0.503 1.000 1247.1247.1047. 687. 251.   0.   0.   0.
   0.   0.   0.   0.   0.   0.   0.   0.   0.   0.   0.   0.   0.   0.   0.
  70    9.100   22.000 0.450 1.000  641. 641. 520. 362. 129.   0.   0.   0.
   0.   0.   0.   0.   0.   0.   0.   0.   0.   0.   0.   0.   0.   0.   0.
  71    9.100   27.000 0.450 1.000  641. 641. 520. 362. 129.   0.   0.   0.
   0.   0.   0.   0.   0.   0.   0.   0.   0.   0.   0.   0.   0.   0.   0.
  72    9.100   32.000 0.450 1.000  641. 641. 520. 362. 129.   0.   0.   0.
   0.   0.   0.   0.   0.   0.   0.   0.   0.   0.   0.   0.   0.   0.   0.
  73    9.100   37.000 0.450 1.000  641. 641. 520. 362. 129.   0.   0.   0.
   0.   0.   0.   0.   0.   0.   0.   0.   0.   0.   0.   0.   0.   0.   0.
  74    9.100   42.000 0.450 1.000  641. 641. 520. 362. 129.   0.   0.   0.
   0.   0.   0.   0.   0.   0.   0.   0.   0.   0.   0.   0.   0.   0.   0.
   1   10.000   20.000 0.490 1.000 2098.2098.2098.2047.1997.1944.1611.1375.
 878. 682. 488. 283. 181. 168. 168. 155. 150. 150. 150. 150. 150. 150. 150.
   2   10.000   25.000 0.490 1.000 2027.2027.2027.1980.1929.1710.1323.1034.
 725. 565. 405. 325. 309. 288. 288. 266. 200. 200. 200. 200. 200. 200. 200.
  10   10.000   30.000 0.490 1.000  706. 706. 572. 398. 142.   0.   0.   0.
   0.   0.   0.   0.   0.   0.   0.   0.   0.   0.   0.   0.   0.   0.   0.
  11   10.000   35.000 0.490 1.000  641. 641. 520. 362. 129.   0.   0.   0.
   0.   0.   0.   0.   0.   0.   0.   0.   0.   0.   0.   0.   0.   0.   0.
  23   10.000   40.000 0.490 1.000  641. 641. 520. 362. 129.   0.   0.   0.
   0.   0.   0.   0.   0.   0.   0.   0.   0.   0.   0.   0.   0.   0.   0.
  61   10.100   44.000 0.410 1.000  849. 849. 688. 478. 171.   0.   0.   0.
   0.   0.   0.   0.   0.   0.   0.   0.   0.   0.   0.   0.   0.   0.   0.
  62   10.300   48.300 0.310 1.000 1581.1581.1224.1096. 608. 143.   0.   0.
   0.   0.   0.   0.   0.   0.   0.   0.   0.   0.   0.   0.   0.   0.   0.
  63   10.300   51.300 0.310 1.000 1581.1581.1224.1096. 608. 143.   0.   0.
   0.   0.   0.   0.   0.   0.   0.   0.   0.   0.   0.   0.   0.   0.   0.
  69   10.300   53.700 0.310 1.000 1581.1581.1224.1096. 608. 143.   0.   0.
   0.   0.   0.   0.   0.   0.   0.   0.   0.   0.   0.   0.   0.   0.   0.
   3   10.907   12.000 0.534 1.000 1819.1819.1819.1771.1718.1540.1242.1151.
 616. 388. 165.   0.   0.   0.   0.   0.   0.   0.   0.   0.   0.   0.   0.
   4   10.907   17.000 0.534 1.000 2017.2017.1967.1914.1806.1566.1262.1006.
 751. 495. 254. 120. 115. 110. 113. 100. 100. 100. 100. 100. 100. 100. 100.
   5   10.907   22.000 0.534 1.000 1638.1638.1593.1546.1446.1236. 964. 742.
 521. 298. 117.   0.   0.   0.   0.   0.   0.   0.   0.   0.   0.   0.   0.
  12   10.907   27.000 0.534 1.000 1569.1569.1272. 885. 317.   0.   0.   0.
   0.   0.   0.   0.   0.   0.   0.   0.   0.   0.   0.   0.   0.   0.   0.
  24   10.907   32.000 0.534 1.000 1356.1356.1100. 764. 273.   0.   0.   0.
   0.   0.   0.   0.   0.   0.   0.   0.   0.   0.   0.   0.   0.   0.   0.
  25   10.907   37.000 0.534 1.000 1356.1356.1100. 764. 273.   0.   0.   0.
   0.   0.   0.   0.   0.   0.   0.   0.   0.   0.   0.   0.   0.   0.   0.
  26   10.907   42.000 0.534 1.000 1356.1356.1100. 764. 273.   0.   0.   0.
   0.   0.   0.   0.   0.   0.   0.   0.   0.   0.   0.   0.   0.   0.   0.
  27   10.907   47.000 0.534 1.000 1492.1492.1133. 764. 273.   0.   0.   0.
   0.   0.   0.   0.   0.   0.   0.   0.   0.   0.   0.   0.   0.   0.   0.
  28   10.907   52.000 0.534 1.000 1492.1492.1133. 764. 273.   0.   0.   0.
   0.   0.   0.   0.   0.   0.   0.   0.   0.   0.   0.   0.   0.   0.   0.
  64   11.000   55.800 0.360 1.000 1497.1497.1216. 844. 302.   0.   0.   0.
   0.   0.   0.   0.   0.   0.   0.   0.   0.   0.   0.   0.   0.   0.   0.
  65   11.000   59.300 0.360 1.000 1497.1497.1216. 844. 302.   0.   0.   0.
   0.   0.   0.   0.   0.   0.   0.   0.   0.   0.   0.   0.   0.   0.   0.
  66   11.000   62.800 0.360 1.000  498. 498. 403. 281. 100.   0.   0.   0.
   0.   0.   0.   0.   0.   0.   0.   0.   0.   0.   0.   0.   0.   0.   0.
   6   11.896   15.000 0.581 1.000 2033.2033.2033.1973.1920.1859.1756.1475.
 780. 354. 148.   0.   0.   0.   0.   0.   0.   0.   0.   0.   0.   0.   0.
   7   11.896   20.000 0.581 1.000 1428.1428.1374.1335.1165.1004. 748. 524.
 365. 209. 105.   0.   0.   0.   0.   0.   0.   0.   0.   0.   0.   0.   0.
   8   11.896   25.000 0.581 1.000 1420.1420.1382.1341.1171.1009. 751. 247.
   0.   0.   0.   0.   0.   0.   0.   0.   0.   0.   0.   0.   0.   0.   0.
  13   11.896   30.000 0.581 1.000 1425.1425.1156. 804. 287.   0.   0.   0.
   0.   0.   0.   0.   0.   0.   0.   0.   0.   0.   0.   0.   0.   0.   0.
  29   11.896   35.000 0.581 1.000 1789.1789.1359. 918. 328.   0.   0.   0.
   0.   0.   0.   0.   0.   0.   0.   0.   0.   0.   0.   0.   0.   0.   0.
  30   11.896   40.000 0.581 1.000 1789.1789.1359. 918. 328.   0.   0.   0.
   0.   0.   0.   0.   0.   0.   0.   0.   0.   0.   0.   0.   0.   0.   0.
  31   11.896   45.000 0.581 1.000 1789.1789.1359. 918. 328.   0.   0.   0.
   0.   0.   0.   0.   0.   0.   0.   0.   0.   0.   0.   0.   0.   0.   0.
  32   11.896   50.000 0.581 1.000 1789.1789.1359. 918. 328.   0.   0.   0.
   0.   0.   0.   0.   0.   0.   0.   0.   0.   0.   0.   0.   0.   0.   0.
  33   11.896   55.000 0.581 1.000 1789.1789.1359. 918. 328.   0.   0.   0.
   0.   0.   0.   0.   0.   0.   0.   0.   0.   0.   0.   0.   0.   0.   0.
  34   11.896   60.000 0.581 1.000 1514.1514.1229. 854. 306.   0.   0.   0.
   0.   0.   0.   0.   0.   0.   0.   0.   0.   0.   0.   0.   0.   0.   0.
  35   11.896   65.000 0.581 1.000  573. 573. 463. 323. 115.   0.   0.   0.
   0.   0.   0.   0.   0.   0.   0.   0.   0.   0.   0.   0.   0.   0.   0.
   9   12.972   16.000 0.633 1.000 1764.1764.1764.1719.1677.1521.1261.1155.
 858. 558. 290. 233. 175.   0.   0.   0.   0.   0.   0.   0.   0.   0.   0.
  14   12.972   21.000 0.631 1.000 1697.1697.1376. 959. 343.   0.   0.   0.
   0.   0.   0.   0.   0.   0.   0.   0.   0.   0.   0.   0.   0.   0.   0.
  15   12.972   26.000 0.631 1.000 1758.1758.1428. 991. 354.   0.   0.   0.
   0.   0.   0.   0.   0.   0.   0.   0.   0.   0.   0.   0.   0.   0.   0.
  16   12.972   31.000 0.631 1.000 1809.1809.1467.1019. 365.   0.   0.   0.
   0.   0.   0.   0.   0.   0.   0.   0.   0.   0.   0.   0.   0.   0.   0.
  17   12.972   36.000 0.631 1.000 1993.1993.1513.1021. 365.   0.   0.   0.
   0.   0.   0.   0.   0.   0.   0.   0.   0.   0.   0.   0.   0.   0.   0.
  36   12.972   41.000 0.631 1.000 1993.1993.1513.1021. 365.   0.   0.   0.
   0.   0.   0.   0.   0.   0.   0.   0.   0.   0.   0.   0.   0.   0.   0.
  37   12.972   46.000 0.631 1.000 1993.1993.1513.1021. 365.   0.   0.   0.
   0.   0.   0.   0.   0.   0.   0.   0.   0.   0.   0.   0.   0.   0.   0.
  38   12.972   51.000 0.631 1.000 1794.1794.1362. 919. 329.   0.   0.   0.
   0.   0.   0.   0.   0.   0.   0.   0.   0.   0.   0.   0.   0.   0.   0.
  39   12.972   56.000 0.631 1.000 1610.1610.1223. 826. 297.   0.   0.   0.
   0.   0.   0.   0.   0.   0.   0.   0.   0.   0.   0.   0.   0.   0.   0.
  67   12.600   61.000 0.400 1.000  472. 472. 382. 266.  95.   0.   0.   0.
   0.   0.   0.   0.   0.   0.   0.   0.   0.   0.   0.   0.   0.   0.   0.
  18   14.140   17.000 0.684 1.000  471. 471. 312. 100.   0.   0.   0.   0.
   0.   0.   0.   0.   0.   0.   0.   0.   0.   0.   0.   0.   0.   0.   0.
  19   14.140   22.000 0.684 1.000 1501.1501.1127. 783. 281.   0.   0.   0.
   0.   0.   0.   0.   0.   0.   0.   0.   0.   0.   0.   0.   0.   0.   0.
  20   14.140   27.000 0.684 1.000 2028.2028.1540.1041. 372.   0.   0.   0.
   0.   0.   0.   0.   0.   0.   0.   0.   0.   0.   0.   0.   0.   0.   0.
  40   14.140   32.000 0.684 1.000 2028.2028.1540.1041. 372.   0.   0.   0.
   0.   0.   0.   0.   0.   0.   0.   0.   0.   0.   0.   0.   0.   0.   0.
  41   14.140   37.000 0.684 1.000 2082.2082.1691.1175. 421.   0.   0.   0.
   0.   0.   0.   0.   0.   0.   0.   0.   0.   0.   0.   0.   0.   0.   0.
  42   14.140   42.000 0.684 1.000 2028.2028.1540.1041. 372.   0.   0.   0.
   0.   0.   0.   0.   0.   0.   0.   0.   0.   0.   0.   0.   0.   0.   0.
  43   14.140   47.000 0.684 1.000 2028.2028.1540.1041. 372.   0.   0.   0.
   0.   0.   0.   0.   0.   0.   0.   0.   0.   0.   0.   0.   0.   0.   0.
  68   14.140   52.000 0.684 1.000 1591.1591.1202. 808. 306.   0.   0.   0.
   0.   0.   0.   0.   0.   0.   0.   0.   0.   0.   0.   0.   0.   0.   0.
  21   15.405   18.000 0.740 1.000  471. 471. 312. 100.   0.   0.   0.   0.
   0.   0.   0.   0.   0.   0.   0.   0.   0.   0.   0.   0.   0.   0.   0.
  22   15.405   23.000 0.740 1.000 1688.1688.1051. 324.   0.   0.   0.   0.
   0.   0.   0.   0.   0.   0.   0.   0.   0.   0.   0.   0.   0.   0.   0.
  44   15.405   28.000 0.740 1.000 2138.2138.1329. 411.   0.   0.   0.   0.
   0.   0.   0.   0.   0.   0.   0.   0.   0.   0.   0.   0.   0.   0.   0.
  45   15.405   33.000 0.740 1.000 2138.2138.1329. 411.   0.   0.   0.   0.
   0.   0.   0.   0.   0.   0.   0.   0.   0.   0.   0.   0.   0.   0.   0.
  46   15.405   38.000 0.740 1.000 2138.2138.1329. 411.   0.   0.   0.   0.
   0.   0.   0.   0.   0.   0.   0.   0.   0.   0.   0.   0.   0.   0.   0.
  47   15.405   43.000 0.740 1.000 2138.2138.1329. 411.   0.   0.   0.   0.
   0.   0.   0.   0.   0.   0.   0.   0.   0.   0.   0.   0.   0.   0.   0.
  48   15.405   48.000 0.740 1.000 1924.1924.1197. 369.   0.   0.   0.   0.
   0.   0.   0.   0.   0.   0.   0.   0.   0.   0.   0.   0.   0.   0.   0.
  49   16.849   21.000 0.818 1.000  582. 386. 123.   0.   0.   0.   0.   0.
   0.   0.   0.   0.   0.   0.   0.   0.   0.   0.   0.   0.   0.   0.   0.
  50   16.849   26.000 0.818 1.000 1815.1130. 348.   0.   0.   0.   0.   0.
   0.   0.   0.   0.   0.   0.   0.   0.   0.   0.   0.   0.   0.   0.   0.
  51   16.849   31.000 0.818 1.000 1815.1130. 348.   0.   0.   0.   0.   0.
   0.   0.   0.   0.   0.   0.   0.   0.   0.   0.   0.   0.   0.   0.   0.
  52   16.849   36.000 0.818 1.000 1815.1130. 348.   0.   0.   0.   0.   0.
   0.   0.   0.   0.   0.   0.   0.   0.   0.   0.   0.   0.   0.   0.   0.
  53   16.849   41.000 0.818 1.000 1815.1130. 348.   0.   0.   0.   0.   0.
   0.   0.   0.   0.   0.   0.   0.   0.   0.   0.   0.   0.   0.   0.   0.
  54   16.849   46.000 0.818 1.000 1815.1130. 348.   0.   0.   0.   0.   0.
   0.   0.   0.   0.   0.   0.   0.   0.   0.   0.   0.   0.   0.   0.   0.
  55   18.350   23.000 0.888 1.000  632. 420. 134.   0.   0.   0.   0.   0.
   0.   0.   0.   0.   0.   0.   0.   0.   0.   0.   0.   0.   0.   0.   0.
  56   18.350   28.000 0.888 1.000  845. 561. 179.   0.   0.   0.   0.   0.
   0.   0.   0.   0.   0.   0.   0.   0.   0.   0.   0.   0.   0.   0.   0.
  57   18.350   33.000 0.888 1.000  845. 561. 179.   0.   0.   0.   0.   0.
   0.   0.   0.   0.   0.   0.   0.   0.   0.   0.   0.   0.   0.   0.   0.
  58   18.350   38.000 0.888 1.000  845. 561. 179.   0.   0.   0.   0.   0.
   0.   0.   0.   0.   0.   0.   0.   0.   0.   0.   0.   0.   0.   0.   0.
  59   18.350   43.000 0.888 1.000  845. 561. 179.   0.   0.   0.   0.   0.
   0.   0.   0.   0.   0.   0.   0.   0.   0.   0.   0.   0.   0.   0.   0.
  60   18.350   46.500 0.550 1.000  845. 561. 179.   0.   0.   0.   0.   0.
   0.   0.   0.   0.   0.   0.   0.   0.   0.   0.   0.   0.   0.   0.   0.
   8   13.000   64.500 0.500 1.000  597. 597. 568. 538. 264.   0.   0.   0.
   0.   0.   0.   0.   0.   0.   0.   0.   0.   0.   0.   0.   0.   0.   0.
   9   13.400   60.700 0.520 1.000 1188.1188.1144.1099. 632.   0.   0.   0.
   0.   0.   0.   0.   0.   0.   0.   0.   0.   0.   0.   0.   0.   0.   0.
  18   13.750   57.700 0.300 1.000 2005.2005.1651.1323. 750.   0.   0.   0.
   0.   0.   0.   0.   0.   0.   0.   0.   0.   0.   0.   0.   0.   0.   0.
  10   14.467   56.000 0.564 1.000 2005.2005.1651.1323. 750.   0.   0.   0.
   0.   0.   0.   0.   0.   0.   0.   0.   0.   0.   0.   0.   0.   0.   0.
  11   15.501   54.000 0.603 1.000 2005.2005.1651.1323. 750.   0.   0.   0.
   0.   0.   0.   0.   0.   0.   0.   0.   0.   0.   0.   0.   0.   0.   0.
  12   16.607   52.000 0.645 1.000 2005.2005.1651.1323. 750.   0.   0.   0.
   0.   0.   0.   0.   0.   0.   0.   0.   0.   0.   0.   0.   0.   0.   0.
  13   17.789   50.000 0.689 1.000 1114. 916. 735. 416.   0.   0.   0.   0.
   0.   0.   0.   0.   0.   0.   0.   0.   0.   0.   0.   0.   0.   0.   0.
  14   19.053   51.000 0.737 1.000  742. 705. 668. 378.   0.   0.   0.   0.
   0.   0.   0.   0.   0.   0.   0.   0.   0.   0.   0.   0.   0.   0.   0.
  15   20.400   52.000 0.775 1.000  742. 705. 668. 378.   0.   0.   0.   0.
   0.   0.   0.   0.   0.   0.   0.   0.   0.   0.   0.   0.   0.   0.   0.
   1   13.500   67.000 0.527 1.000  660. 632. 605. 577. 550. 495. 440. 330.
 220. 165. 110. 110. 110. 110. 100. 100. 100. 100. 100. 100. 100. 100. 100.
   2   14.000   63.000 0.546 1.000 1725.1646.1568.1489.1411.1071. 783. 495.
 297. 231. 165. 165. 165. 165. 150. 150. 150. 150. 150. 150. 150. 150. 150.
   3   14.467   60.000 0.564 1.000 1705.1623.1430.1458.1375.1018. 715. 385.
 187. 121.  55.  55.  55.  55.  50.  50.  50.  50.  50.  50.  50.  50.  50.
   4   15.501   58.000 0.603 1.000 1650.1568.1485.1403.1320. 963. 660. 330.
 132.  66.   0.   0.   0.   0.   0.   0.   0.   0.   0.   0.   0.   0.   0.
   5   16.607   56.000 0.645 1.000 2210.2099.1987.1879.1768.1544.1327. 883.
 441. 223.   0.   0.   0.   0.   0.   0.   0.   0.   0.   0.   0.   0.   0.
   6   17.789   54.000 0.689 1.000 2210.2099.1987.1879.1768.1544.1327. 883.
 441. 223.   0.   0.   0.   0.   0.   0.   0.   0.   0.   0.   0.   0.   0.
   7   19.053   55.000 0.737 1.000 2210.2099.1987.1879.1768.1544.1327. 883.
 441. 223.   0.   0.   0.   0.   0.   0.   0.   0.   0.   0.   0.   0.   0.
  16   20.400   56.000 0.775 1.000  742. 705. 668. 378.   0.   0.   0.   0.
   0.   0.   0.   0.   0.   0.   0.   0.   0.   0.   0.   0.   0.   0.   0.
  17   14.420   67.000 0.558 1.000 1114. 916. 668. 317.   0.   0.   0.   0.
   0.   0.   0.   0.   0.   0.   0.   0.   0.   0.   0.   0.   0.   0.   0.
  19   15.501   61.000 0.580 1.000 1671.1375.1002. 472.   0.   0.   0.   0.
   0.   0.   0.   0.   0.   0.   0.   0.   0.   0.   0.   0.   0.   0.   0.
   9   15.451   65.000 0.754 1.000 1941.1597. 776. 366.   0.   0.   0.   0.
   0.   0.   0.   0.   0.   0.   0.   0.   0.   0.   0.   0.   0.   0.   0.
  10   15.451   70.000 0.754 1.000 1941.1596. 517. 245.   0.   0.   0.   0.
   0.   0.   0.   0.   0.   0.   0.   0.   0.   0.   0.   0.   0.   0.   0.
  21   15.451   75.000 0.754 1.000 1955.1265. 747. 316.   0.   0.   0.   0.
   0.   0.   0.   0.   0.   0.   0.   0.   0.   0.   0.   0.   0.   0.   0.
  22   15.451   80.000 0.754 1.000 1955.1265. 747. 316.   0.   0.   0.   0.
   0.   0.   0.   0.   0.   0.   0.   0.   0.   0.   0.   0.   0.   0.   0.
  23   15.451   85.000 0.754 1.000 1840.1150. 632. 201.   0.   0.   0.   0.
   0.   0.   0.   0.   0.   0.   0.   0.   0.   0.   0.   0.   0.   0.   0.
  24   15.451   90.000 0.754 1.000 1610. 920. 517.  86.   0.   0.   0.   0.
   0.   0.   0.   0.   0.   0.   0.   0.   0.   0.   0.   0.   0.   0.   0.
  25   15.451   95.000 0.754 1.000 1610. 920. 517.  86.   0.   0.   0.   0.
   0.   0.   0.   0.   0.   0.   0.   0.   0.   0.   0.   0.   0.   0.   0.
  26   15.451  100.000 0.754 1.000 1610. 920. 517.  86.   0.   0.   0.   0.
   0.   0.   0.   0.   0.   0.   0.   0.   0.   0.   0.   0.   0.   0.   0.
  27   15.451  105.000 0.754 1.000 1380. 690. 402.  86.   0.   0.   0.   0.
   0.   0.   0.   0.   0.   0.   0.   0.   0.   0.   0.   0.   0.   0.   0.
  28   15.451  110.000 0.754 1.000  690. 345.  58.   0.   0.   0.   0.   0.
   0.   0.   0.   0.   0.   0.   0.   0.   0.   0.   0.   0.   0.   0.   0.
  11   16.839   60.000 0.818 1.000 2006.1650. 961. 454.   0.   0.   0.   0.
   0.   0.   0.   0.   0.   0.   0.   0.   0.   0.   0.   0.   0.   0.   0.
  12   16.839   65.000 0.818 1.000 2006.1650. 961. 454.   0.   0.   0.   0.
   0.   0.   0.   0.   0.   0.   0.   0.   0.   0.   0.   0.   0.   0.   0.
  13   16.839   70.000 0.818 1.000 1941.1597. 517. 245.   0.   0.   0.   0.
   0.   0.   0.   0.   0.   0.   0.   0.   0.   0.   0.   0.   0.   0.   0.
  29   16.839   75.000 0.818 1.000 1955.1265. 747. 316.   0.   0.   0.   0.
   0.   0.   0.   0.   0.   0.   0.   0.   0.   0.   0.   0.   0.   0.   0.
  30   16.839   80.000 0.818 1.000 1955.1265. 747. 316.   0.   0.   0.   0.
   0.   0.   0.   0.   0.   0.   0.   0.   0.   0.   0.   0.   0.   0.   0.
  31   16.839   85.000 0.818 1.000 1840.1150. 632. 201.   0.   0.   0.   0.
   0.   0.   0.   0.   0.   0.   0.   0.   0.   0.   0.   0.   0.   0.   0.
  32   16.839   90.000 0.818 1.000 1840.1150. 632. 201.   0.   0.   0.   0.
   0.   0.   0.   0.   0.   0.   0.   0.   0.   0.   0.   0.   0.   0.   0.
  33   16.839   95.000 0.818 1.000 1380. 690. 517.  86.   0.   0.   0.   0.
   0.   0.   0.   0.   0.   0.   0.   0.   0.   0.   0.   0.   0.   0.   0.
  34   16.839  100.000 0.818 1.000  690. 345.  58.   0.   0.   0.   0.   0.
   0.   0.   0.   0.   0.   0.   0.   0.   0.   0.   0.   0.   0.   0.   0.
  14   18.350   60.000 0.888 1.000 2385.1961.1038. 491.   0.   0.   0.   0.
   0.   0.   0.   0.   0.   0.   0.   0.   0.   0.   0.   0.   0.   0.   0.
  15   18.350   65.000 0.888 1.000 2385.1961.1038. 491.   0.   0.   0.   0.
   0.   0.   0.   0.   0.   0.   0.   0.   0.   0.   0.   0.   0.   0.   0.
   1   18.350   70.000 0.888 1.000 1980.1424. 972. 549. 370. 180.   0.   0.
   0.   0.   0.   0.   0.   0.   0.   0.   0.   0.   0.   0.   0.   0.   0.
  35   18.350   75.000 0.888 1.000 1955.1265. 747. 316.   0.   0.   0.   0.
   0.   0.   0.   0.   0.   0.   0.   0.   0.   0.   0.   0.   0.   0.   0.
  36   18.350   80.000 0.888 1.000 1840.1150. 632. 201.   0.   0.   0.   0.
   0.   0.   0.   0.   0.   0.   0.   0.   0.   0.   0.   0.   0.   0.   0.
  37   18.350   85.000 0.888 1.000 1840.1150. 632. 201.   0.   0.   0.   0.
   0.   0.   0.   0.   0.   0.   0.   0.   0.   0.   0.   0.   0.   0.   0.
  38   18.350   90.000 0.888 1.000  690. 345.  58.   0.   0.   0.   0.   0.
   0.   0.   0.   0.   0.   0.   0.   0.   0.   0.   0.   0.   0.   0.   0.
  16   19.992   60.000 0.964 1.000 1941.1599. 932. 439.   0.   0.   0.   0.
   0.   0.   0.   0.   0.   0.   0.   0.   0.   0.   0.   0.   0.   0.   0.
  17   19.992   65.000 0.964 1.000 1941.1599. 932. 439.   0.   0.   0.   0.
   0.   0.   0.   0.   0.   0.   0.   0.   0.   0.   0.   0.   0.   0.   0.
   2   19.992   70.000 0.964 1.000 1650.1188. 810. 637. 480. 280.   0.   0.
   0.   0.   0.   0.   0.   0.   0.   0.   0.   0.   0.   0.   0.   0.   0.
  39   19.992   75.000 0.964 1.000 1610. 920. 517.  86.   0.   0.   0.   0.
   0.   0.   0.   0.   0.   0.   0.   0.   0.   0.   0.   0.   0.   0.   0.
  40   19.992   80.000 0.964 1.000 1380. 690. 402.  86.   0.   0.   0.   0.
   0.   0.   0.   0.   0.   0.   0.   0.   0.   0.   0.   0.   0.   0.   0.
  41   19.992   85.000 0.964 1.000 1380. 690. 402.  86.   0.   0.   0.   0.
   0.   0.   0.   0.   0.   0.   0.   0.   0.   0.   0.   0.   0.   0.   0.
  42   19.992   90.000 0.964 1.000 1380. 690. 402.  86.   0.   0.   0.   0.
   0.   0.   0.   0.   0.   0.   0.   0.   0.   0.   0.   0.   0.   0.   0.
  43   19.992   95.000 0.964 1.000 1955.1265. 747. 316.   0.   0.   0.   0.
   0.   0.   0.   0.   0.   0.   0.   0.   0.   0.   0.   0.   0.   0.   0.
  44   19.992  100.000 0.964 1.000 1955.1265. 747. 316.   0.   0.   0.   0.
   0.   0.   0.   0.   0.   0.   0.   0.   0.   0.   0.   0.   0.   0.   0.
  45   19.992  105.000 0.964 1.000 1380. 690. 402.  86.   0.   0.   0.   0.
   0.   0.   0.   0.   0.   0.   0.   0.   0.   0.   0.   0.   0.   0.   0.
  18   21.774   61.500 0.640 1.000 1673.1282. 756. 408.   0.   0.   0.   0.
   0.   0.   0.   0.   0.   0.   0.   0.   0.   0.   0.   0.   0.   0.   0.
   3   21.774   65.000 1.046 1.000 1653.1164. 776. 594. 433. 163.   0.   0.
   0.   0.   0.   0.   0.   0.   0.   0.   0.   0.   0.   0.   0.   0.   0.
   4   21.774   70.000 1.046 1.000 1180. 832. 554. 425. 310. 155.   0.   0.
   0.   0.   0.   0.   0.   0.   0.   0.   0.   0.   0.   0.   0.   0.   0.
  46   21.774   75.000 1.046 1.000 1380. 690. 402.  86.   0.   0.   0.   0.
   0.   0.   0.   0.   0.   0.   0.   0.   0.   0.   0.   0.   0.   0.   0.
  47   21.774   80.000 1.046 1.000 1380. 690. 402.  86.   0.   0.   0.   0.
   0.   0.   0.   0.   0.   0.   0.   0.   0.   0.   0.   0.   0.   0.   0.
  48   21.774   85.000 1.046 1.000 1380. 690. 402.  86.   0.   0.   0.   0.
   0.   0.   0.   0.   0.   0.   0.   0.   0.   0.   0.   0.   0.   0.   0.
  49   21.774   90.000 1.046 1.000 1955.1265. 747. 316.   0.   0.   0.   0.
   0.   0.   0.   0.   0.   0.   0.   0.   0.   0.   0.   0.   0.   0.   0.
  50   21.774   95.000 1.046 1.000 2300.1610. 978. 431.   0.   0.   0.   0.
   0.   0.   0.   0.   0.   0.   0.   0.   0.   0.   0.   0.   0.   0.   0.
  51   21.774  100.000 1.046 1.000  690. 345.  58.   0.   0.   0.   0.   0.
   0.   0.   0.   0.   0.   0.   0.   0.   0.   0.   0.   0.   0.   0.   0.
  19   23.706   60.000 1.134 1.000 1673.1282. 756. 408.   0.   0.   0.   0.
   0.   0.   0.   0.   0.   0.   0.   0.   0.   0.   0.   0.   0.   0.   0.
   5   23.706   65.000 1.134 1.000 1040. 805. 481. 341.   0.   0.   0.   0.
   0.   0.   0.   0.   0.   0.   0.   0.   0.   0.   0.   0.   0.   0.   0.
   6   23.706   70.000 1.134 1.000  765. 560. 308. 194.   0.   0.   0.   0.
   0.   0.   0.   0.   0.   0.   0.   0.   0.   0.   0.   0.   0.   0.   0.
  52   23.706   90.000 1.134 1.000  690. 345.  58.   0.   0.   0.   0.   0.
   0.   0.   0.   0.   0.   0.   0.   0.   0.   0.   0.   0.   0.   0.   0.
  53   23.706   95.000 1.134 1.000  690. 345.  58.   0.   0.   0.   0.   0.
   0.   0.   0.   0.   0.   0.   0.   0.   0.   0.   0.   0.   0.   0.   0.
  20   25.799   60.000 1.228 1.000  300. 216. 162.   0.   0.   0.   0.   0.
   0.   0.   0.   0.   0.   0.   0.   0.   0.   0.   0.   0.   0.   0.   0.
   7   25.799   65.000 1.228 1.000  210. 158.  84.   0.   0.   0.   0.   0.
   0.   0.   0.   0.   0.   0.   0.   0.   0.   0.   0.   0.   0.   0.   0.
   8   25.799   70.000 1.228 1.000  210. 158.  84.   0.   0.   0.   0.   0.
   0.   0.   0.   0.   0.   0.   0.   0.   0.   0.   0.   0.   0.   0.   0.
  42   20.000   37.000  .965 1.000  654. 601. 549. 484. 363. 158.   0.   0.
   0.   0.   0.   0.   0.   0.   0.   0.   0.   0.   0.   0.   0.   0.   0.
